0.0000000000
-0.0000000110
-0.0000001866
-0.0000006937
-0.0000007662
0.0000004876
0.0000012523
0.0000005032
-0.0000012869
-0.0000017637
0.0000009787
0.0000020658
0.0000007686
0.0000012589
0.0000001653
-0.0000001400
-0.0000001976
0.0000007079
0.0000024585
0.0000002374
-0.0000020983
-0.0000014029
-0.0000017644
0.0000005070
0.0000048032
0.0000055334
0.0000047906
0.0000005408
-0.0000009113
-0.0000000694
-0.0000007056
-0.0000005168
0.0000011428
0.0000002863
-0.0000000802
0.0000038813
0.0000026319
-0.0000006024
-0.0000006768
0.0000002839
-0.0000002807
-0.0000002911
-0.0000003907
-0.0000004398
0.0000007423
0.0000011555
0.0000017009
0.0000026650
0.0000024096
0.0000021375
0.0000009224
-0.0000007186
-0.0000018822
-0.0000007988
0.0000000889
0.0000001280
0.0000002390
0.0000001456
-0.0000003343
0.0000000326
0.0000007503
0.0000006902
0.0000002371
-0.0000002661
-0.0000002253
-0.0000002049
-0.0000002035
-0.0000003914
-0.0000003113
0.0000002867
0.0000004732
-0.0000001302
-0.0000008475
-0.0000001103
0.0000010579
0.0000010451
0.0000002129
-0.0000008305
-0.0000008132
-0.0000001735
-0.0000001539
-0.0000001055
-0.0000001228
0.0000001814
0.0000004318
0.0000005954
0.0000001701
-0.0000007497
0.0000002371
0.0000005984
0.0000004874
0.0000000955
-0.0000004725
-0.0000003310
-0.0000003719
-0.0000010715
-0.0000002283
0.0000004785
0.0000014883
0.0000014474
0.0000007820
0.0000013368
0.0000011139
-0.0000007388
-0.0000016882
-0.0000006021
0.0000008973
0.0000003648
-0.0000000843
-0.0000000770
-0.0000000709
0.0000010062
0.0000003805
-0.0000005348
-0.0000003205
-0.0000004093
0.0000005391
0.0000004676
0.0000001283
-0.0000002933
-0.0000005811
-0.0000009599
-0.0000011848
-0.0000020955
-0.0000005314
0.0000009251
-0.0000005127
-0.0000006698
0.0000002020
-0.0000005931
-0.0000014761
-0.0000009603
0.0000005764
0.0000003206
-0.0000003322
0.0000005365
0.0000003633
-0.0000005780
0.0000004333
0.0000017050
0.0000014769
0.0000009313
0.0000006937
-0.0000004932
-0.0000018660
-0.0000011520
-0.0000009072
-0.0000005083
-0.0000010872
-0.0000012557
-0.0000005817
-0.0000002438
-0.0000002613
-0.0000003772
-0.0000001842
0.0000000051
0.0000001957
0.0000005306
0.0000010925
0.0000011774
0.0000011826
0.0000002579
-0.0000006214
-0.0000004447
0.0000002270
0.0000010653
-0.0000003878
-0.0000008655
-0.0000008711
0.0000000607
0.0000005080
0.0000001684
0.0000011217
0.0000007812
-0.0000001463
0.0000014904
0.0000024774
0.0000021592
0.0000022452
-0.0000011500
-0.0000042157
-0.0000011436
0.0000023674
0.0000011936
-0.0000004975
-0.0000004572
0.0000002603
0.0000002931
-0.0000003116
-0.0000005195
-0.0000013501
-0.0000014821
-0.0000003285
-0.0000003726
-0.0000005593
0.0000002004
0.0000010394
-0.0000004037
-0.0000008689
0.0000021572
0.0000026306
0.0000008171
0.0000002308
0.0000000993
-0.0000001082
-0.0000002118
0.0000000540
0.0000007594
0.0000003161
-0.0000013216
0.0000008139
0.0000023901
0.0000015283
0.0000013041
0.0000003057
-0.0000000878
0.0000013856
0.0000028496
0.0000000034
-0.0000003421
0.0000011632
0.0000007619
0.0000000888
0.0000003126
0.0000006509
0.0000001246
-0.0000008620
-0.0000006820
0.0000009009
0.0000018406
0.0000031412
0.0000036998
0.0000003761
-0.0000024039
-0.0000005497
0.0000002012
-0.0000015869
-0.0000021468
-0.0000020681
-0.0000007753
-0.0000000573
0.0000001560
-0.0000001091
0.0000007314
0.0000005360
-0.0000013731
-0.0000020639
-0.0000011240
0.0000009102
0.0000020457
0.0000026057
0.0000009694
-0.0000026274
-0.0000019678
0.0000015499
0.0000021778
-0.0000003164
-0.0000012621
-0.0000016813
-0.0000013302
-0.0000001785
0.0000014315
0.0000004902
-0.0000013325
-0.0000008351
0.0000007831
0.0000004287
-0.0000006266
0.0000006760
0.0000008218
-0.0000008142
-0.0000008925
0.0000017600
0.0000031035
0.0000013648
-0.0000028467
-0.0000054631
-0.0000038208
-0.0000014858
0.0000015609
0.0000020897
0.0000016319
0.0000011084
-0.0000009880
-0.0000016440
0.0000000263
0.0000026578
0.0000033055
0.0000022870
0.0000027034
0.0000030914
0.0000016326
-0.0000001312
-0.0000018290
-0.0000017704
-0.0000018712
0.0000002084
0.0000033656
0.0000013194
-0.0000009240
-0.0000008338
-0.0000006434
0.0000001610
-0.0000000245
0.0000006010
0.0000008065
0.0000003955
0.0000029902
0.0000030923
0.0000018650
0.0000009544
-0.0000003425
0.0000004552
0.0000019566
0.0000001708
-0.0000035997
-0.0000035781
0.0000006774
0.0000021385
-0.0000020360
-0.0000027910
-0.0000015460
-0.0000011196
0.0000002159
0.0000003931
0.0000010885
0.0000011014
0.0000007587
0.0000002027
0.0000002285
0.0000008901
0.0000005071
-0.0000002337
-0.0000011789
-0.0000001766
0.0000008060
0.0000013463
0.0000010566
0.0000017647
0.0000020520
-0.0000005197
-0.0000018877
-0.0000004342
-0.0000007464
-0.0000009860
0.0000006128
0.0000004606
0.0000000676
0.0000002800
0.0000002328
0.0000005969
0.0000011323
0.0000013698
-0.0000003907
-0.0000012958
-0.0000007106
-0.0000005570
-0.0000001433
0.0000001157
0.0000000604
-0.0000001060
-0.0000000910
0.0000004158
0.0000000760
0.0000001389
0.0000000046
-0.0000005139
-0.0000004072
-0.0000005007
-0.0000009126
-0.0000013988
0.0000008548
0.0000026175
0.0000012444
0.0000005581
0.0000020322
0.0000024639
0.0000023160
0.0000010361
0.0000015825
-0.0000002716
-0.0000025783
-0.0000023123
-0.0000004708
-0.0000021114
-0.0000015110
0.0000002465
0.0000005402
-0.0000000820
-0.0000013563
-0.0000025015
-0.0000014329
0.0000003005
0.0000006130
0.0000002896
-0.0000002040
-0.0000004858
-0.0000005166
-0.0000023281
-0.0000019235
-0.0000003497
-0.0000004398
0.0000012982
0.0000000283
-0.0000018346
-0.0000012107
-0.0000016189
-0.0000007215
-0.0000010781
-0.0000012857
-0.0000023856
-0.0000024451
-0.0000000055
0.0000000737
-0.0000001028
-0.0000005948
-0.0000013601
0.0000009354
0.0000012762
-0.0000012190
-0.0000010718
0.0000010452
0.0000008947
-0.0000015201
0.0000001707
0.0000007719
0.0000001925
0.0000001812
0.0000006113
-0.0000007420
-0.0000028184
-0.0000023425
0.0000009019
0.0000024281
0.0000004588
0.0000006676
0.0000016916
0.0000000952
-0.0000003211
0.0000006341
-0.0000002957
-0.0000023106
-0.0000017164
0.0000001213
0.0000007504
0.0000007524
0.0000010055
-0.0000008912
-0.0000001755
0.0000017655
0.0000006578
-0.0000018241
-0.0000037461
-0.0000011008
0.0000016369
0.0000007353
0.0000004272
0.0000003284
-0.0000005713
-0.0000005523
-0.0000012455
-0.0000018577
-0.0000014848
-0.0000000774
0.0000006510
-0.0000001955
-0.0000005045
0.0000000047
0.0000003275
-0.0000002378
-0.0000003142
0.0000006029
0.0000015759
0.0000019324
0.0000004831
-0.0000014767
-0.0000014701
-0.0000018581
-0.0000007535
0.0000019308
0.0000020495
0.0000033754
0.0000028939
-0.0000011265
-0.0000027828
-0.0000014805
0.0000008577
0.0000015159
-0.0000004033
-0.0000003710
0.0000010410
0.0000000101
-0.0000004632
0.0000003937
-0.0000003902
-0.0000010615
-0.0000000454
0.0000003605
0.0000001076
-0.0000002340
0.0000002507
0.0000014495
0.0000024822
0.0000020598
-0.0000011568
-0.0000030068
-0.0000017122
0.0000001673
0.0000006264
0.0000010870
0.0000006166
-0.0000020553
-0.0000040643
-0.0000009750
0.0000000966
-0.0000010899
-0.0000002159
-0.0000000505
0.0000001816
0.0000001344
-0.0000007504
-0.0000005239
0.0000002993
0.0000013267
0.0000024055
0.0000018142
0.0000022965
0.0000028066
0.0000012509
0.0000005646
-0.0000004054
-0.0000007282
-0.0000006687
-0.0000003104
0.0000005117
0.0000005696
-0.0000010707
-0.0000016503
0.0000000598
0.0000000791
0.0000000853
-0.0000002439
-0.0000004138
0.0000001158
-0.0000000328
-0.0000009998
-0.0000002603
0.0000013334
0.0000013276
0.0000026094
0.0000037364
0.0000027354
0.0000014563
0.0000011200
0.0000004547
-0.0000000282
0.0000003080
0.0000003723
0.0000005086
-0.0000010065
-0.0000022588
-0.0000025564
-0.0000024219
0.0000002789
0.0000012818
0.0000011319
0.0000019449
-0.0000000108
-0.0000039135
-0.0000048071
-0.0000037465
0.0000004453
0.0000035745
0.0000012872
-0.0000000781
0.0000002347
0.0000001974
0.0000000534
-0.0000000578
-0.0000001573
-0.0000009557
-0.0000003196
0.0000003067
0.0000005610
0.0000003080
-0.0000007333
-0.0000026851
-0.0000028460
-0.0000006021
0.0000018918
0.0000022467
0.0000022506
0.0000009888
-0.0000004997
-0.0000002305
-0.0000004726
-0.0000017995
-0.0000017284
-0.0000005822
0.0000003404
0.0000008047
0.0000001552
-0.0000008730
-0.0000004690
0.0000003880
0.0000003494
0.0000003488
-0.0000001166
-0.0000003697
-0.0000005254
0.0000002915
0.0000006634
0.0000009664
0.0000021107
-0.0000000454
-0.0000008198
-0.0000009028
-0.0000007203
0.0000004498
0.0000006524
-0.0000012293
-0.0000000961
0.0000016146
0.0000012253
0.0000000045
-0.0000018295
-0.0000024800
-0.0000024739
-0.0000000389
0.0000011793
-0.0000000995
-0.0000000517
0.0000007061
-0.0000010748
-0.0000007224
0.0000025901
0.0000013662
-0.0000002654
-0.0000000845
0.0000007234
0.0000005532
-0.0000009939
-0.0000010856
-0.0000004294
0.0000000282
0.0000002363
0.0000003371
0.0000003136
0.0000003615
0.0000002270
0.0000008074
0.0000000121
-0.0000012960
0.0000006969
0.0000005257
-0.0000010589
0.0000008225
0.0000015744
-0.0000025169
-0.0000051939
-0.0000040343
-0.0000010612
-0.0000002360
0.0000003713
0.0000016110
0.0000011334
0.0000003510
0.0000003921
-0.0000000804
0.0000001711
0.0000004707
-0.0000004190
-0.0000003261
0.0000001766
-0.0000000927
-0.0000000852
-0.0000000663
-0.0000001206
-0.0000003589
-0.0000006487
-0.0000014357
-0.0000016985
-0.0000020755
-0.0000000653
0.0000023837
0.0000010279
0.0000001150
0.0000002804
0.0000007329
0.0000002587
-0.0000028521
-0.0000048539
-0.0000042858
-0.0000000974
0.0000032545
0.0000015129
-0.0000004306
-0.0000003875
-0.0000004350
-0.0000012969
-0.0000023138
-0.0000019812
-0.0000014297
0.0000003016
0.0000011587
0.0000001001
-0.0000021246
-0.0000008212
0.0000010094
0.0000000100
0.0000000006
0.0000015621
0.0000020798
-0.0000000990
-0.0000007369
-0.0000001153
-0.0000000328
-0.0000005039
-0.0000016881
-0.0000008497
-0.0000000357
-0.0000019707
-0.0000015931
0.0000000185
0.0000010355
0.0000005402
-0.0000008917
-0.0000000789
0.0000019238
0.0000025566
0.0000017556
-0.0000014648
-0.0000033152
-0.0000029629
-0.0000017640
0.0000001664
0.0000004994
-0.0000015861
-0.0000017418
0.0000016047
0.0000012287
-0.0000007318
-0.0000013533
-0.0000000688
0.0000020265
0.0000006002
-0.0000026308
-0.0000013736
0.0000006773
0.0000003403
-0.0000000942
0.0000005310
0.0000004254
0.0000005396
0.0000014941
0.0000008261
0.0000014189
0.0000020725
0.0000015326
-0.0000007369
-0.0000009195
-0.0000002423
0.0000005628
0.0000002767
0.0000001032
0.0000001589
-0.0000000141
-0.0000000201
0.0000004732
0.0000003203
-0.0000002438
-0.0000003814
-0.0000010249
-0.0000003255
0.0000004313
0.0000004756
0.0000000146
0.0000002965
-0.0000003105
-0.0000010195
-0.0000001550
-0.0000007538
-0.0000024285
-0.0000011420
0.0000015553
0.0000015571
0.0000006553
-0.0000001003
-0.0000003430
0.0000001909
0.0000000009
-0.0000018855
-0.0000035376
-0.0000021918
0.0000001146
-0.0000001391
-0.0000003528
-0.0000004845
-0.0000003377
-0.0000003878
0.0000008667
0.0000012293
0.0000012074
0.0000020337
0.0000017529
-0.0000006968
-0.0000016312
-0.0000011008
0.0000012309
0.0000020214
0.0000027225
0.0000023073
0.0000001253
-0.0000003848
-0.0000004821
-0.0000020934
-0.0000015393
0.0000000129
-0.0000017138
-0.0000019166
-0.0000013280
-0.0000010216
-0.0000002258
-0.0000001664
-0.0000000614
-0.0000001393
-0.0000017297
-0.0000031640
-0.0000015402
0.0000019321
0.0000025828
0.0000005699
-0.0000017233
-0.0000008065
0.0000009651
-0.0000001248
0.0000004400
0.0000003065
-0.0000007738
0.0000006713
0.0000016930
0.0000001761
-0.0000014126
-0.0000024667
-0.0000033514
-0.0000022141
0.0000013392
0.0000013930
0.0000005059
0.0000001821
0.0000004979
0.0000003174
-0.0000000607
-0.0000002903
-0.0000003177
0.0000000099
-0.0000000074
-0.0000011563
-0.0000016511
-0.0000014129
-0.0000006798
-0.0000001501
0.0000001992
0.0000001855
0.0000000335
0.0000001445
0.0000003468
0.0000003990
0.0000008846
0.0000011967
-0.0000008262
-0.0000027894
-0.0000032632
-0.0000021286
0.0000003255
0.0000013700
0.0000007350
0.0000000901
0.0000008246
0.0000005932
-0.0000006086
-0.0000004728
0.0000007038
0.0000031325
0.0000025933
-0.0000002973
-0.0000016021
0.0000008138
0.0000008263
-0.0000024693
-0.0000008703
0.0000012127
0.0000004829
-0.0000005919
-0.0000004239
-0.0000004941
-0.0000020950
-0.0000016456
0.0000004269
0.0000007581
-0.0000009687
-0.0000013134
0.0000007742
0.0000008969
-0.0000007311
-0.0000014393
-0.0000012703
-0.0000000277
0.0000014694
0.0000001592
-0.0000008577
-0.0000006528
-0.0000000323
-0.0000005286
-0.0000003793
0.0000007006
0.0000007471
-0.0000001770
0.0000013984
0.0000025072
0.0000021659
0.0000017967
-0.0000000243
-0.0000023789
-0.0000029945
0.0000000515
0.0000009473
0.0000000588
0.0000004604
0.0000006172
-0.0000001031
-0.0000005213
-0.0000009362
-0.0000009116
0.0000003656
0.0000001779
0.0000003878
-0.0000005876
-0.0000016737
-0.0000017712
-0.0000015019
0.0000002256
0.0000006623
-0.0000002882
-0.0000004501
0.0000008101
0.0000004067
-0.0000005168
-0.0000001319
0.0000000374
0.0000042138
0.0000057529
0.0000021650
0.0000008437
-0.0000000936
-0.0000001921
-0.0000002849
0.0000005287
0.0000008478
0.0000005850
0.0000001485
-0.0000000129
0.0000001423
0.0000005771
0.0000005360
0.0000024729
0.0000044435
0.0000022928
0.0000010034
-0.0000006002
-0.0000013843
-0.0000016233
-0.0000019452
-0.0000007336
0.0000007964
0.0000002100
-0.0000009307
-0.0000007338
-0.0000019876
-0.0000031486
-0.0000011111
-0.0000001260
-0.0000013982
-0.0000011691
0.0000006981
-0.0000000592
-0.0000025979
-0.0000006061
0.0000006961
0.0000002382
-0.0000008316
-0.0000014232
-0.0000018356
-0.0000020585
0.0000000387
0.0000019449
0.0000007936
-0.0000004505
-0.0000006061
-0.0000002821
0.0000004545
0.0000011116
0.0000038152
0.0000040201
-0.0000013688
-0.0000050510
-0.0000024400
0.0000012383
0.0000010445
0.0000003483
0.0000000560
-0.0000002554
-0.0000003460
-0.0000007868
0.0000003064
0.0000010539
-0.0000004333
-0.0000009915
0.0000001756
-0.0000003616
-0.0000012774
-0.0000009384
-0.0000014018
-0.0000015646
0.0000003193
0.0000022185
0.0000014964
-0.0000020786
-0.0000035941
-0.0000016711
0.0000010469
0.0000014261
0.0000011990
0.0000001787
-0.0000009626
-0.0000008092
-0.0000005113
-0.0000001875
0.0000000691
-0.0000000218
-0.0000000425
-0.0000007380
-0.0000019502
-0.0000010285
0.0000003381
0.0000003824
-0.0000003442
-0.0000005993
0.0000003807
0.0000004786
-0.0000001193
0.0000000176
0.0000008271
-0.0000003207
-0.0000028873
-0.0000035792
-0.0000012917
0.0000012664
0.0000013525
0.0000004076
-0.0000001706
-0.0000001719
0.0000003913
-0.0000009924
-0.0000016177
-0.0000004734
-0.0000004118
0.0000014198
0.0000032535
0.0000010258
-0.0000015575
-0.0000010242
0.0000005831
0.0000009556
0.0000007520
-0.0000000943
-0.0000013792
-0.0000011459
0.0000002740
0.0000013751
0.0000023061
0.0000023128
-0.0000014890
-0.0000023630
-0.0000028540
-0.0000023393
-0.0000002537
0.0000006309
-0.0000000348
-0.0000000031
-0.0000001094
0.0000000295
0.0000000487
-0.0000004898
0.0000002014
0.0000019516
0.0000018060
-0.0000004661
0.0000005778
0.0000010799
-0.0000014622
-0.0000015335
-0.0000003978
-0.0000013770
-0.0000014755
0.0000000302
0.0000022883
0.0000021473
-0.0000002015
-0.0000017527
0.0000005191
0.0000018448
-0.0000000166
-0.0000015593
-0.0000015715
-0.0000003674
-0.0000002488
-0.0000011242
-0.0000001469
0.0000008946
0.0000000464
-0.0000009345
-0.0000007945
-0.0000013272
-0.0000018509
-0.0000022958
-0.0000016504
0.0000007323
0.0000009656
0.0000003591
0.0000002693
0.0000001347
-0.0000002876
-0.0000002104
-0.0000008667
-0.0000001475
0.0000002805
0.0000003128
0.0000004588
0.0000012441
0.0000025567
0.0000012166
-0.0000007098
-0.0000028135
-0.0000007300
0.0000009085
0.0000015619
0.0000011359
-0.0000001737
-0.0000011101
-0.0000001118
0.0000002857
-0.0000002483
-0.0000002770
-0.0000002719
-0.0000016652
-0.0000007351
0.0000006778
0.0000004276
0.0000002150
0.0000001305
0.0000002265
-0.0000003568
-0.0000006224
0.0000006612
0.0000007619
0.0000007470
0.0000006193
-0.0000003498
-0.0000005143
0.0000000568
0.0000003843
-0.0000001267
-0.0000013644
-0.0000016054
-0.0000002893
0.0000007833
0.0000007092
0.0000002961
-0.0000007809
-0.0000009573
-0.0000005622
-0.0000004527
-0.0000006766
-0.0000004566
-0.0000004558
0.0000003978
0.0000015093
0.0000033220
0.0000026677
-0.0000010928
-0.0000011477
0.0000010127
0.0000009500
-0.0000001150
-0.0000010972
-0.0000013113
-0.0000001281
-0.0000003683
-0.0000009404
0.0000002796
0.0000018655
0.0000004160
0.0000005246