0.0000000000
0.0000000817
0.0000006558
0.0000007264
0.0000012737
0.0000033746
0.0000058050
0.0000064686
0.0000029280
0.0000012125
0.0000037746
0.0000055924
0.0000032524
0.0000007873
0.0000015492
-0.0000001644
0.0000001872
0.0000027656
0.0000014568
0.0000045939
0.0000063227
0.0000061582
0.0000063808
0.0000074317
0.0000056887
0.0000063605
0.0000093219
0.0000105364
0.0000073970
0.0000042701
0.0000021124
0.0000013664
0.0000023140
0.0000074123
0.0000110778
0.0000080137
0.0000056968
0.0000015768
0.0000002473
0.0000010582
0.0000005568
0.0000000642
-0.0000001484
0.0000013539
0.0000018584
-0.0000008117
0.0000021984
0.0000034428
0.0000021063
0.0000025042
0.0000056519
0.0000088439
0.0000090335
0.0000042088
0.0000006101
0.0000002589
0.0000007617
0.0000009383
0.0000001025
0.0000004323
0.0000010650
0.0000011798
0.0000011499
0.0000015441
0.0000013470
-0.0000006230
0.0000010515
0.0000013147
0.0000002366
0.0000001989
0.0000010619
0.0000009898
-0.0000007247
0.0000039038
0.0000013978
-0.0000003341
0.0000026687
0.0000021736
0.0000011096
0.0000008391
0.0000001912
-0.0000000151
0.0000001737
0.0000006023
0.0000013364
0.0000024236
0.0000042930
0.0000043280
0.0000021614
0.0000009114
0.0000002107
0.0000003103
0.0000000050
0.0000009584
0.0000009474
0.0000006366
0.0000043291
0.0000098788
0.0000111184
0.0000083228
0.0000054606
0.0000037393
0.0000025908
0.0000020006
0.0000027286
0.0000054392
0.0000029283
0.0000001918
-0.0000000484
0.0000003451
0.0000017927
0.0000017464
0.0000017681
0.0000006237
-0.0000005161
0.0000013921
0.0000008175
0.0000002987
0.0000006345
0.0000006754
0.0000007568
0.0000001636
0.0000007263
0.0000022388
0.0000045837
0.0000026364
0.0000011415
0.0000017414
0.0000032297
0.0000019129
0.0000017983
0.0000056950
0.0000070973
0.0000044832
0.0000027944
0.0000017633
0.0000012802
0.0000013973
0.0000023848
0.0000026338
0.0000016745
0.0000006506
0.0000010058
0.0000033951
0.0000074263
0.0000053833
-0.0000003873
0.0000003700
-0.0000003993
0.0000016344
0.0000017702
-0.0000007671
0.0000009531
0.0000001630
-0.0000000177
0.0000001779
0.0000000794
0.0000005025
0.0000018839
0.0000009342
-0.0000003463
0.0000014824
-0.0000005861
0.0000015941
0.0000034235
0.0000012229
0.0000002649
0.0000005444
0.0000057288
0.0000056403
0.0000008317
-0.0000004432
0.0000018365
0.0000065532
0.0000086676
0.0000073486
0.0000069304
0.0000085105
0.0000089893
0.0000084934
0.0000070143
0.0000067103
0.0000017950
0.0000012395
0.0000001145
0.0000001403
0.0000013095
0.0000008503
-0.0000000748
0.0000001529
0.0000015879
0.0000013535
0.0000018325
0.0000014701
0.0000019225
0.0000040176
0.0000060903
0.0000088802
0.0000100070
0.0000046095
0.0000019448
0.0000040496
0.0000036730
0.0000021297
0.0000005723
-0.0000002271
0.0000005909
-0.0000000345
0.0000016290
0.0000050352
0.0000068147
0.0000056331
0.0000048831
0.0000023524
0.0000001167
-0.0000002834
0.0000018573
0.0000047028
0.0000070585
0.0000049987
0.0000025605
0.0000020884
0.0000024655
0.0000037864
0.0000062124
0.0000057475
0.0000019434
0.0000008186
0.0000018299
0.0000054092
0.0000084660
0.0000084111
0.0000095331
0.0000095857
0.0000079911
0.0000046291
0.0000023771
0.0000019684
0.0000030117
0.0000027628
0.0000004732
-0.0000000120
0.0000004416
0.0000002464
0.0000014111
0.0000033206
0.0000020235
0.0000024538
0.0000037713
0.0000050041
0.0000068215
0.0000077802
0.0000046126
0.0000035586
0.0000036741
0.0000051871
0.0000103051
0.0000116077
0.0000098561
0.0000079130
0.0000044134
0.0000006045
0.0000011367
0.0000003177
0.0000012158
0.0000006207
0.0000009430
0.0000029962
0.0000028001
0.0000011971
0.0000008805
0.0000017833
0.0000025566
0.0000043753
0.0000109334
0.0000118221
0.0000078085
0.0000069300
0.0000060535
0.0000045320
0.0000043202
0.0000037452
0.0000025084
0.0000021612
0.0000029570
0.0000051784
0.0000049382
0.0000065069
0.0000087181
0.0000038388
0.0000011486
0.0000049000
0.0000044170
0.0000020861
0.0000039623
0.0000091652
0.0000079280
0.0000015525
0.0000042621
0.0000081738
0.0000064721
0.0000021310
-0.0000002707
0.0000003397
0.0000006404
0.0000010846
0.0000037037
0.0000033697
0.0000032579
0.0000030808
0.0000021252
0.0000022218
0.0000028164
0.0000051416
0.0000111008
0.0000092258
0.0000038504
0.0000035113
0.0000044094
0.0000074786
0.0000065322
0.0000028918
0.0000007237
0.0000000728
-0.0000000371
0.0000033666
0.0000016974
0.0000000934
0.0000001401
-0.0000004021
0.0000044389
0.0000104947
0.0000061905
0.0000005398
0.0000008844
0.0000010094
0.0000004899
0.0000033624
0.0000070042
0.0000072985
0.0000048776
0.0000034807
0.0000054983
0.0000059907
0.0000033069
0.0000002766
0.0000003184
0.0000012361
0.0000002584
-0.0000000502
0.0000006088
0.0000020820
0.0000024795
0.0000026197
0.0000025214
0.0000022456
0.0000009994
0.0000006569
0.0000002602
-0.0000000610
0.0000000387
0.0000007901
0.0000035103
0.0000021988
-0.0000004160
0.0000004094
0.0000003576
0.0000004315
0.0000000897
0.0000004674
0.0000052229
0.0000089013
0.0000067919
0.0000012395
-0.0000009420
0.0000029038
0.0000032932
0.0000007161
0.0000007255
-0.0000001117
0.0000037110
0.0000008110
0.0000026182
0.0000074835
0.0000039484
0.0000017472
0.0000021032
0.0000035493
0.0000077834
0.0000086233
0.0000051427
0.0000042229
0.0000024682
-0.0000004106
0.0000005092
0.0000002555
0.0000003184
0.0000053135
0.0000088084
0.0000023653
-0.0000007421
0.0000014117
0.0000041699
0.0000033508
0.0000003353
0.0000013893
0.0000006290
0.0000012214
0.0000006636
0.0000017860
0.0000039260
0.0000039391
0.0000027716
0.0000003906
-0.0000001553
0.0000008289
0.0000044477
0.0000069968
0.0000042388
0.0000019563
0.0000018093
0.0000030513
0.0000059847
0.0000102907
0.0000105163
0.0000040576
-0.0000010292
0.0000003461
-0.0000005969
0.0000043047
0.0000051842
0.0000043055
0.0000034383
0.0000026884
0.0000064548
0.0000082925
0.0000050865
0.0000017771
0.0000008336
0.0000015878
0.0000038360
0.0000022607
0.0000010704
0.0000013156
0.0000011571
0.0000022784
0.0000033831
0.0000050274
0.0000050836
0.0000031043
0.0000044059
0.0000086517
0.0000126767
0.0000144439
0.0000117566
0.0000061958
0.0000002559
-0.0000000411
0.0000016018
-0.0000004378
0.0000009908
0.0000122586
0.0000134963
0.0000044754
0.0000010759
0.0000010606
0.0000015250
0.0000020156
0.0000025093
0.0000023724
0.0000014216
0.0000012336
0.0000029205
0.0000070042
0.0000068730
0.0000044032
0.0000028008
0.0000004890
0.0000017774
0.0000015598
0.0000028294
0.0000046244
0.0000074450
0.0000074656
0.0000025542
0.0000030303
0.0000044377
0.0000040038
0.0000050297
0.0000069028
0.0000052808
0.0000022128
0.0000017334
0.0000028248
0.0000022689
0.0000015681
0.0000020537
0.0000009070
0.0000002259
-0.0000000003
0.0000011510
0.0000032582
0.0000015874
0.0000027233
0.0000047901
0.0000026057
0.0000047019
0.0000078578
0.0000076702
0.0000066125
0.0000076032
0.0000103166
0.0000123745
0.0000107421
0.0000057716
0.0000025723
0.0000004409
-0.0000001516
-0.0000002821
0.0000015747
0.0000053906
0.0000069463
0.0000081557
0.0000070557
0.0000051673
0.0000057873
0.0000046814
0.0000032878
0.0000050852
0.0000047908
0.0000026504
0.0000003470
-0.0000000184
0.0000014149
0.0000005868
0.0000004014
0.0000022346
0.0000051828
0.0000036530
-0.0000001172
0.0000000612
0.0000010141
0.0000005682
0.0000006432
0.0000015480
0.0000040084
0.0000046485
0.0000000688
0.0000006954
0.0000045786
0.0000046460
0.0000056468
0.0000053627
0.0000023912
0.0000011984
0.0000011346
0.0000009093
0.0000002370
0.0000004166
0.0000034464
0.0000097068
0.0000109375
0.0000049466
0.0000022840
0.0000016284
0.0000027260
0.0000041022
0.0000076130
0.0000048958
0.0000011388
0.0000072411
0.0000115298
0.0000079630
0.0000020703
-0.0000006681
0.0000005525
0.0000001377
0.0000002412
0.0000014399
0.0000021848
0.0000012562
0.0000020329
0.0000020760
0.0000001053
0.0000005818
0.0000026336
0.0000031923
0.0000046573
0.0000047384
0.0000018561
0.0000028081
0.0000066893
0.0000050565
0.0000022795
0.0000018503
0.0000023714
0.0000029658
0.0000057162
0.0000072490
0.0000043681
0.0000025319
0.0000037267
0.0000064731
0.0000059455
0.0000029002
0.0000012992
0.0000006352
0.0000002523
0.0000000175
0.0000008578
0.0000004157
0.0000005619
0.0000046029
0.0000067775
0.0000073128
0.0000061030
0.0000014423
-0.0000001031
0.0000002491
0.0000008117
0.0000047453
0.0000043158
0.0000022218
0.0000034409
0.0000055049
0.0000050677
0.0000042881
0.0000045253
0.0000051475
0.0000039422
0.0000028016
0.0000024541
0.0000039366
0.0000073856
0.0000093167
0.0000068608
0.0000034399
0.0000003626
0.0000001270
0.0000006060
0.0000051556
0.0000065868
0.0000024723
0.0000006306
0.0000004539
0.0000002237
-0.0000000157
0.0000003503
0.0000003563
0.0000009172
0.0000016768
0.0000028310
0.0000034825
0.0000038920
0.0000038218
0.0000031592
0.0000029113
0.0000051057
0.0000106922
0.0000114776
0.0000101735
0.0000089989
0.0000060638
0.0000036675
0.0000032230
0.0000048368
0.0000036896
0.0000004991
-0.0000000388
0.0000000976
0.0000008734
0.0000006836
0.0000006825
0.0000010104
0.0000005774
0.0000000476
0.0000000147
0.0000001561
0.0000002155
0.0000007297
0.0000009329
0.0000012982
0.0000007464
0.0000024317
0.0000017979
0.0000045052
0.0000038411
0.0000019406
0.0000018869
0.0000047404
0.0000111747
0.0000160150
0.0000129025
0.0000098515
0.0000097074
0.0000115175
0.0000075560
0.0000029259
0.0000019737
0.0000026925
0.0000038078
0.0000041563
0.0000022971
0.0000008814
0.0000003979
0.0000051045
0.0000084514
0.0000072254
0.0000025129
-0.0000000028
-0.0000000121
0.0000031227
0.0000065951
0.0000034700
0.0000006894
0.0000002611
-0.0000002677
0.0000010695
0.0000035735
0.0000065292
0.0000067045
0.0000041066
0.0000031650
0.0000039506
0.0000048584
0.0000036906
-0.0000000994
0.0000008763
0.0000020556
0.0000033426
0.0000062653
0.0000085274
0.0000079921
0.0000048069
0.0000020804
0.0000003804
-0.0000001165
0.0000042976
0.0000072462
0.0000053650
0.0000031715
0.0000017053
0.0000009949
0.0000025586
0.0000017859
0.0000039393
0.0000068373
0.0000065443
0.0000026036
0.0000009728
0.0000005619
0.0000002141
0.0000018975
0.0000042991
0.0000008489
0.0000002756
0.0000002920
0.0000030219
0.0000063774
0.0000044322
0.0000006009
0.0000002016
0.0000002478
0.0000027647
0.0000033402
0.0000004269
0.0000001144
0.0000003545
0.0000007814
0.0000012362
0.0000018125
0.0000014764
0.0000011220
0.0000026216
0.0000019079
0.0000005800
0.0000012072
0.0000036390
0.0000039582
0.0000033147
0.0000047244
0.0000064666
0.0000068329
0.0000075133
0.0000055135
0.0000028109
0.0000023347
0.0000022230
0.0000015713
0.0000013726
0.0000023771
0.0000048025
0.0000071573
0.0000087698
0.0000081257
0.0000061774
0.0000045507
0.0000017857
-0.0000007221
0.0000016128
0.0000036065
0.0000007639
-0.0000005218
0.0000038431
0.0000055499
0.0000036196
0.0000005539
0.0000019703
0.0000052684
0.0000056397
0.0000029522
0.0000034361
0.0000069263
0.0000090129
0.0000088322
0.0000072381
0.0000066919
0.0000061207
0.0000044513
0.0000024514
0.0000000537
0.0000008443
0.0000025316
0.0000018925
-0.0000001043
0.0000000785
0.0000036476
0.0000071340
0.0000068787
0.0000022916
0.0000005305
0.0000043547
0.0000002891
0.0000015688
0.0000048450
0.0000040940
0.0000023264
0.0000024517
0.0000033587
0.0000029030
0.0000021221
0.0000034804
0.0000025557
0.0000001952
0.0000044114
0.0000112117
0.0000076575
0.0000022358
0.0000010990
0.0000009010
0.0000004847
0.0000007450
0.0000008794
0.0000004497
0.0000006390
0.0000018736
0.0000031309
0.0000030684
0.0000028007
0.0000035290
0.0000039150
0.0000022563
0.0000001593
-0.0000000052
0.0000007998
0.0000008462
0.0000016129
0.0000041345
0.0000029304
0.0000014114
0.0000028922
0.0000044710
0.0000036834
0.0000028677
0.0000020810
0.0000006322
0.0000022073
0.0000027045
0.0000006782
0.0000009354
0.0000035692
0.0000067636
0.0000068578
0.0000033145
0.0000031148
0.0000025789
0.0000011663
0.0000048933
0.0000107359
0.0000106690
0.0000059264
0.0000006171
0.0000003913
0.0000001728
0.0000010369
0.0000026329
0.0000013059
0.0000023959
0.0000004756
-0.0000002267
0.0000079598
0.0000088433
0.0000060219
0.0000050651
0.0000034404
0.0000000407
0.0000010858
0.0000032369
0.0000024650
0.0000020400
0.0000006590
0.0000008929
0.0000018139
0.0000004220
0.0000001777
-0.0000003415
0.0000027255
0.0000121836
0.0000137323
0.0000099913
0.0000070705
0.0000064967
0.0000082567
0.0000082611
0.0000053400
0.0000029899
0.0000014690
0.0000018070
0.0000011753
0.0000003821
0.0000005073
-0.0000001781
0.0000011647
0.0000020393
-0.0000001168
0.0000003538
0.0000020216
0.0000023025
0.0000020856
0.0000022901
0.0000024744
0.0000015830
-0.0000001952
0.0000006166
0.0000008235
0.0000006578
0.0000013101
0.0000010584
-0.0000007231
0.0000022623
0.0000071299
0.0000080606
0.0000073394
0.0000023319
0.0000001723
-0.0000000240
0.0000015365
0.0000019290
0.0000008816
0.0000004540
0.0000005483
0.0000009709
0.0000036843
0.0000095401
0.0000113954
0.0000079142
0.0000059057
0.0000090017
0.0000068933
0.0000036563
0.0000026364
0.0000014102
0.0000011449
0.0000041657
0.0000032339
0.0000013115
0.0000012122
0.0000036785
0.0000039050
0.0000044281
0.0000090434
0.0000085459
0.0000052364
0.0000046053
0.0000065378
0.0000085134
0.0000061881
0.0000027377
-0.0000004447
0.0000007842
0.0000008108
0.0000010659
0.0000049437
0.0000075528
0.0000051318
0.0000019708
0.0000033055
0.0000036068
0.0000005337
0.0000005267
0.0000025392
0.0000051786
0.0000056212
0.0000094139
0.0000133237
0.0000103617
0.0000098625
0.0000086720
0.0000032018
-0.0000005540
0.0000005289
0.0000000553
-0.0000001286
0.0000023968
0.0000015764
0.0000005160
0.0000023675
0.0000033358
0.0000028375
0.0000017330
0.0000016571
0.0000044657
0.0000065024
0.0000062120
0.0000055879
0.0000042615
0.0000049822
0.0000053633
0.0000032397
0.0000031081
0.0000023628
0.0000028817
0.0000043143
0.0000032566
0.0000016105
0.0000010482
0.0000006953
0.0000005392
0.0000004311
-0.0000003279
0.0000010307
0.0000029761
0.0000010496
0.0000029321
0.0000048512
0.0000031335
0.0000017654
0.0000015918
0.0000013844
0.0000000400
-0.0000000292
0.0000005177
0.0000059502
0.0000086257
0.0000063126
0.0000069445
0.0000110389
0.0000075327
0.0000008141
0.0000000201
0.0000001013
0.0000005122
0.0000033288
0.0000048670
0.0000064422
0.0000095416
0.0000106768
0.0000102536
0.0000095415
0.0000076208
0.0000016940
0.0000005812
0.0000007984
0.0000002636
0.0000019700
0.0000026438
0.0000013763
0.0000014036
0.0000024914
0.0000030807
0.0000014269
0.0000022475
0.0000045779
0.0000005086
0.0000008539
0.0000088161
0.0000098943
0.0000031848
0.0000000809
-0.0000000076
0.0000000083
0.0000018871
0.0000023267
-0.0000009041
0.0000015601
0.0000018244
0.0000020486
0.0000042150
0.0000041181
0.0000031922
0.0000028303
0.0000035957
0.0000040070
0.0000027647
0.0000031377
0.0000041503
0.0000031506
0.0000038398
0.0000057229
0.0000066690
0.0000052723
0.0000020145
0.0000019352
0.0000018450
0.0000049876
0.0000091098
0.0000057112
0.0000019523
0.0000014068
0.0000013791
0.0000033263
0.0000084184
0.0000140767
0.0000129912
0.0000087874
0.0000052438
0.0000030325
0.0000018824
0.0000009126
-0.0000000420
-0.0000000293
0.0000003109
-0.0000001292
0.0000010734
0.0000018573
0.0000011006
-0.0000000352
0.0000001541
0.0000015034
0.0000017047
0.0000018977
0.0000084734
0.0000097745
0.0000053327
0.0000051916
0.0000042533
0.0000002566
0.0000013719
0.0000028719
0.0000001318
0.0000012342
0.0000019909
0.0000006567
0.0000006570
0.0000034854
0.0000076513
0.0000057396
0.0000019353
0.0000000344
0.0000001415
-0.0000000990
0.0000003392
0.0000026326
0.0000018292
0.0000013784
0.0000030681
0.0000046791
0.0000026837
0.0000010460
0.0000009240
0.0000025614
0.0000043476
0.0000051012
0.0000061278
0.0000078494
0.0000093298
0.0000066430
0.0000000956
0.0000001864
0.0000004714
0.0000008784
0.0000028244
0.0000038436
0.0000041337
0.0000042041
0.0000031715
0.0000028276
0.0000039918
0.0000045804
0.0000047776
0.0000033586
0.0000021596
0.0000021851
0.0000014445
0.0000008593
0.0000004242
0.0000048710
0.0000114305
0.0000057114
-0.0000007006
0.0000008185
0.0000014164
0.0000044295
0.0000039062