0.0000000000
0.0001007670
0.0005771410
0.0010094200
0.0008331960
0.0007235900
0.0013203600
0.0020012200
0.0019419900
0.0006437600
-0.0007181600
-0.0004845090
0.0003724510
0.0005013960
0.0010878600
0.0014064100
-0.0001232940
-0.0017494000
-0.0016019800
-0.0007921950
-0.0010303300
-0.0017187700
-0.0020000700
-0.0025399100
-0.0025242400
-0.0011855900
0.0008066760
0.0022526800
0.0022272000
0.0014621300
0.0010879700
0.0003959450
-0.0000419832
0.0008969000
0.0015133800
0.0014320700
0.0021479300
0.0022368800
0.0006071460
-0.0002399390
0.0000168664
-0.0002438520
-0.0005190200
0.0004408320
0.0014371300
0.0005584310
-0.0012783800
-0.0016020200
-0.0003460030
0.0010010000
0.0020313200
0.0027704000
0.0031845700
0.0027448500
0.0013065700
0.0003892660
0.0006923240
0.0010512900
0.0006996150
0.0003205880
0.0008275080
0.0012686200
0.0009403430
0.0008243390
0.0012313600
0.0008833360
-0.0005305240
-0.0013588600
-0.0008641070
-0.0003362490
-0.0007630670
-0.0011488400
-0.0005791690
0.0002648530
0.0004479300
-0.0003265950
-0.0010690200
-0.0011935700
-0.0011438900
-0.0010535600
-0.0007541560
-0.0001566340
0.0003220400
0.0005947370
0.0010295400
0.0012602800
0.0014853900
0.0018405500
0.0016501500
0.0009539490
0.0003534710
-0.0003960570
-0.0005061310
0.0003823960
0.0008994450
0.0007658610
0.0011987700
0.0021805600
0.0027259000
0.0028141300
0.0024356600
0.0020773300
0.0018528200
0.0012957300
0.0013895600
0.0021165000
0.0021381700
0.0012492700
0.0002006380
0.0001119720
0.0001915010
0.0001875490
0.0007978470
0.0010330300
0.0000895830
-0.0006543750
-0.0005849350
-0.0005741310
-0.0007390190
-0.0006407440
-0.0009032600
-0.0009357590
0.0002451740
0.0014096800
0.0018646800
0.0018500300
0.0012260300
0.0007796950
0.0009661250
0.0009718840
0.0003449610
-0.0007531030
-0.0015218200
-0.0011209100
-0.0007136310
-0.0007653750
-0.0002662180
0.0000578895
-0.0004534840
-0.0002848400
0.0007079460
0.0011514400
0.0007736980
0.0005811520
0.0013861700
0.0022484800
0.0015595700
0.0000686898
-0.0008384530
-0.0003948490
0.0005102000
0.0004898670
-0.0002288060
-0.0005632520
-0.0003654510
0.0001079820
0.0000660354
-0.0005010140
-0.0011905800
-0.0012816200
0.0000797539
0.0013533600
0.0008796110
-0.0001680180
-0.0009180550
-0.0006840910
0.0002851240
-0.0003064850
-0.0020483500
-0.0027228900
-0.0019453200
-0.0004638070
0.0009735930
0.0019473200
0.0024546500
0.0024061700
0.0018183100
0.0012015800
0.0005755690
-0.0001715170
0.0002207950
0.0016621900
0.0016825100
-0.0001679660
-0.0010784600
0.0001592070
0.0012747000
0.0010350000
0.0008051780
0.0000540600
-0.0013312500
-0.0013690200
-0.0006378910
-0.0003785100
-0.0000494745
0.0004138400
0.0004371490
0.0000567275
0.0002215020
0.0004610890
-0.0004728620
-0.0018223000
-0.0021030300
-0.0017224500
-0.0012315400
-0.0004599550
0.0005704990
0.0007392380
-0.0005140730
-0.0014778400
-0.0014732900
-0.0016938700
-0.0021117900
-0.0021456300
-0.0011631300
-0.0000037913
-0.0003168480
-0.0016507500
-0.0026513200
-0.0026364000
-0.0018650000
-0.0014371900
-0.0012258400
-0.0013183800
-0.0017189200
-0.0018267700
-0.0013922000
-0.0009093650
-0.0010266400
-0.0018828100
-0.0025708000
-0.0019283000
-0.0008187920
-0.0007322570
-0.0014484700
-0.0013327800
-0.0008782280
-0.0014000900
-0.0017350200
-0.0011436400
-0.0004888580
-0.0000726050
-0.0004553210
-0.0009529240
-0.0002136330
0.0001782780
-0.0005623140
-0.0013324900
-0.0017953000
-0.0020704300
-0.0019564300
-0.0014775500
-0.0010659200
-0.0015767200
-0.0020398700
-0.0016606200
-0.0017210300
-0.0021872900
-0.0022977800
-0.0024560800
-0.0023639500
-0.0015253400
0.0000209787
0.0005549720
-0.0008099880
-0.0014316000
-0.0003981480
-0.0002685180
-0.0007784610
-0.0002103180
0.0004520930
-0.0003366400
-0.0011884600
-0.0002807840
0.0013246100
0.0020381200
0.0011227600
-0.0007510000
-0.0018953500
-0.0019274800
-0.0013138600
-0.0005087970
0.0003312230
0.0008682860
0.0002676500
-0.0007151910
-0.0007663440
0.0003879740
0.0018317600
0.0022705700
0.0016053200
0.0008386640
0.0002512460
0.0002266200
0.0011877700
0.0026199900
0.0033926300
0.0023075200
0.0004801790
0.0000165240
0.0003472100
0.0005421860
0.0005150440
-0.0002766430
-0.0009884250
-0.0003116520
0.0004039530
0.0007679640
0.0017760900
0.0021487800
0.0011154700
0.0004789920
0.0007371000
0.0005952640
-0.0000961592
-0.0001745890
0.0008562840
0.0017208700
0.0014108600
0.0011217800
0.0018542800
0.0021927500
0.0013330400
0.0005249920
0.0002220400
-0.0005478030
-0.0012107700
-0.0009268480
-0.0003585480
0.0001482350
0.0000493830
-0.0005097480
-0.0007075640
-0.0003197260
0.0005791530
0.0011774300
0.0004744970
-0.0009497980
-0.0021326800
-0.0027938800
-0.0026015600
-0.0018717200
-0.0017130000
-0.0020156400
-0.0015687400
-0.0006681110
-0.0004476250
-0.0006719370
-0.0004860290
0.0001183460
0.0005356420
0.0003676700
-0.0003887720
-0.0011010000
-0.0008878830
-0.0001931550
0.0002611690
0.0005546880
0.0006249550
0.0001742900
-0.0002270880
-0.0002839940
-0.0008352580
-0.0012677700
-0.0006504310
0.0001464220
0.0003466830
-0.0003630670
-0.0008976150
-0.0002125570
0.0011982400
0.0023988400
0.0023405300
0.0011416600
-0.0002085900
-0.0003648000
0.0008469970
0.0014497600
0.0010751400
-0.0000835485
-0.0017457100
-0.0020942700
-0.0004951500
0.0008754670
0.0010509800
0.0012527200
0.0014229700
0.0014813400
0.0023419600
0.0031382400
0.0026983300
0.0019657800
0.0016103500
0.0009844940
-0.0000053903
-0.0004693910
0.0000516291
0.0015092200
0.0030337800
0.0028278500
0.0008834320
-0.0007527070
-0.0017294000
-0.0022231300
-0.0014681900
-0.0000291914
0.0009390070
0.0011212700
0.0007858570
-0.0003166830
-0.0016702700
-0.0021925800
-0.0018864900
-0.0011790600
-0.0002905210
0.0005875620
0.0015735000
0.0023059900
0.0022302200
0.0017338500
0.0009638960
0.0004671490
0.0011721700
0.0021079600
0.0020199200
0.0018290700
0.0009991050
-0.0004655810
-0.0004562520
0.0005491850
0.0004110080
-0.0007580550
-0.0015916600
-0.0009081340
0.0003368090
0.0006625670
0.0008464740
0.0011194400
0.0005869680
0.0002947560
0.0011404000
0.0012448600
-0.0002691540
-0.0012536200
-0.0008739130
-0.0007069930
-0.0003508250
0.0001687900
-0.0002310370
-0.0002639660
0.0006562970
0.0013161800
0.0011109700
0.0001609850
-0.0001287780
0.0003276650
0.0004363780
0.0002389760
0.0002524630
0.0006597760
0.0001945180
-0.0014856900
-0.0026850600
-0.0022796600
-0.0010153000
-0.0002370280
-0.0005216820
-0.0009300700
-0.0010452300
-0.0009985430
-0.0009538340
-0.0008366470
-0.0006414920
-0.0000119417
0.0007660530
0.0007717200
0.0000216810
-0.0007283810
-0.0011726000
-0.0013127900
-0.0014850700
-0.0014035100
-0.0000963990
0.0010313200
0.0004346010
-0.0009505020
-0.0019018900
-0.0016705400
-0.0010513900
-0.0014644300
-0.0017428800
-0.0009078520
-0.0005272490
-0.0010655400
-0.0010280800
-0.0008894860
-0.0014586800
-0.0013576900
-0.0006002770
-0.0001904200
-0.0005571300
-0.0016691900
-0.0019989800
-0.0007124930
0.0003283760
-0.0002014230
-0.0015264400
-0.0025733100
-0.0028199300
-0.0024348800
-0.0022045400
-0.0024281400
-0.0032280300
-0.0036653200
-0.0029271500
-0.0019710800
-0.0013197800
-0.0002344630
0.0004032180
-0.0003441980
-0.0011865000
-0.0010663200
-0.0009905070
-0.0011458300
-0.0013542000
-0.0019890200
-0.0025248900
-0.0019590600
-0.0013101200
-0.0009707610
-0.0005760920
-0.0005818290
-0.0005978960
0.0000321454
0.0003135980
-0.0002737120
-0.0011470300
-0.0017792800
-0.0015880300
-0.0009152340
0.0000095525
0.0009234420
0.0007076380
0.0001289040
0.0003186950
0.0005637450
0.0002245490
0.0000706744
0.0006951970
0.0010281300
-0.0000508418
-0.0015675000
-0.0023476500
-0.0021334000
-0.0011744400
-0.0008382450
-0.0008814350
-0.0005187530
0.0001841830
0.0012591500
0.0022563400
0.0025016100
0.0015251900
0.0001184010
0.0002384120
0.0012211200
0.0017285100
0.0024728500
0.0030352100
0.0017416800
-0.0007656050
-0.0024296400
-0.0023545100
-0.0008545290
0.0002040080
-0.0002303600
-0.0005692160
-0.0002810010
-0.0008216790
-0.0015767600
-0.0012909700
-0.0010869800
-0.0014503400
-0.0011038200
-0.0002711150
-0.0001780830
-0.0007588850
-0.0019021900
-0.0025477000
-0.0018311900
-0.0011761700
-0.0007584180
0.0000581977
0.0003933190
-0.0000022388
-0.0001855150
-0.0005178730
-0.0016194300
-0.0025809200
-0.0024461200
-0.0015564900
-0.0011838600
-0.0017308100
-0.0022303600
-0.0018596200
-0.0010500600
-0.0005897640
-0.0000935902
-0.0002042720
-0.0008405920
-0.0005050070
-0.0004383540
-0.0016319000
-0.0021434000
-0.0016222000
-0.0016509500
-0.0016045600
-0.0007318470
-0.0000801494
-0.0004837380
-0.0019000900
-0.0024970800
-0.0017283500
-0.0013052000
-0.0013395700
-0.0013935500
-0.0018530800
-0.0021946400
-0.0021377000
-0.0019982000
-0.0018547600
-0.0014744400
-0.0016086400
-0.0024388000
-0.0030197800
-0.0029669600
-0.0023835200
-0.0013529100
-0.0002889850
-0.0003936360
-0.0017820300
-0.0027776800
-0.0023025200
-0.0011125600
-0.0004068520
-0.0004647230
-0.0004683110
0.0000153228
0.0004455890
0.0007773250
0.0011868700
0.0012055800
0.0014500500
0.0019128500
0.0017355100
0.0015888700
0.0016212700
0.0014911100
0.0019170800
0.0029226200
0.0033568600
0.0031419700
0.0027430300
0.0020270200
0.0016920100
0.0020163200
0.0021138600
0.0013018000
0.0001315320
0.0001557180
0.0008678710
0.0007904820
0.0007113140
0.0010113900
0.0009869200
0.0005783650
0.0000482040
-0.0003584400
-0.0004742130
-0.0003381450
0.0003614080
0.0014859200
0.0010923500
-0.0005065180
-0.0005319260
0.0010497000
0.0017015200
0.0011862200
0.0010018400
0.0016217000
0.0028054600
0.0036847900
0.0031069900
0.0016606900
0.0014877500
0.0025514000
0.0028113600
0.0017667700
0.0009371680
0.0008202590
0.0002332600
-0.0009407860
-0.0015504600
-0.0013220800
-0.0006211850
0.0002474920
0.0004659010
-0.0002554230
-0.0004782430
0.0002037160
0.0000083326
-0.0012050800
-0.0017211200
-0.0010039000
-0.0005520240
-0.0007147820
-0.0003767470
0.0007127230
0.0015219300
0.0015745300
0.0015416700
0.0013440100
0.0002607300
-0.0006063930
-0.0006626400
-0.0002659890
0.0000519632
-0.0005693650
-0.0015189300
-0.0015241500
-0.0007534970
-0.0001698710
-0.0006988920
-0.0016498300
-0.0018445200
-0.0013005400
-0.0003025640
0.0005510460
-0.0000557425
-0.0006954420
0.0000698860
0.0006544800
-0.0000016951
-0.0012160300
-0.0013958800
-0.0001854460
0.0000861079
-0.0009559570
-0.0011749600
-0.0003312310
0.0000447872
-0.0000745759
0.0007732080
0.0021249000
0.0019382600
0.0005436820
-0.0005442340
-0.0013554600
-0.0014050400
-0.0009122980
-0.0008586300
-0.0006368250
-0.0003371760
-0.0011746500
-0.0020242700
-0.0013364400
-0.0002069390
-0.0002896890
-0.0007497470
-0.0003637740
-0.0001686050
-0.0003625220
-0.0005386780
-0.0013224200
-0.0018646200
-0.0009429310
-0.0003299280
-0.0007331080
-0.0008103530
-0.0007923320
-0.0013161400
-0.0017389300
-0.0020792100
-0.0025918400
-0.0027337300
-0.0018567100
-0.0008971290
-0.0005194670
-0.0005371410
-0.0006354750
-0.0005488960
-0.0008595590
-0.0019828000
-0.0028735800
-0.0030251600
-0.0026822300
-0.0023007100
-0.0019804100
-0.0008856320
0.0008485880
0.0019277000
0.0018975200
0.0003215190
-0.0017357200
-0.0022477000
-0.0016813300
-0.0013333200
-0.0008505310
-0.0007896720
-0.0015118100
-0.0018893500
-0.0017290300
-0.0017683600
-0.0021433900
-0.0023526600
-0.0022806400
-0.0024537000
-0.0025843100
-0.0023200600
-0.0019840900
-0.0009666630
0.0006506670
0.0015067600
0.0016169300
0.0010776800
-0.0001040810
-0.0009851430
-0.0007167400
0.0004258980
0.0008694070
-0.0004049340
-0.0021124600
-0.0019915100
-0.0003511680
0.0000992946
-0.0003521750
-0.0002038150
-0.0004125510
-0.0007500030
-0.0003864360
-0.0006494920
-0.0015575500
-0.0018272200
-0.0008839660
0.0012632600
0.0032622900
0.0034687100
0.0022223900
0.0009671450
0.0005126380
0.0002878160
-0.0003520680
-0.0008047170
-0.0006075430
-0.0001472780
0.0002532750
0.0003685990
0.0004178710
0.0009664370
0.0016709100
0.0020403300
0.0019327700
0.0011480700
0.0001632810
-0.0005821930
-0.0006782670
-0.0007485940
-0.0016806500
-0.0021883300
-0.0013389500
-0.0010544400
-0.0019832200
-0.0023997800
-0.0013288400
-0.0001300810
-0.0002723710
-0.0012328500
-0.0018353100
-0.0014472800
-0.0003728650
0.0000432400
-0.0003336240
-0.0005934470
-0.0002611250
0.0011375000
0.0020987800
0.0011352700
0.0004658780
0.0013176600
0.0018009700
0.0009108150
0.0003026080
0.0006625950
0.0007486230
0.0005233970
0.0007347980
0.0004651800
-0.0009937050
-0.0018904900
-0.0001849870
0.0022967800
0.0030255100
0.0022529400
0.0020358700
0.0021921100
0.0013683800
-0.0004091580
-0.0017360200
-0.0017518300
-0.0011280800
-0.0008402740
-0.0008389190
-0.0010173900
-0.0010494900
0.0000154198
0.0007837970
-0.0006923240
-0.0027957200
-0.0035328600
-0.0032855600
-0.0029208700
-0.0024724600
-0.0024038800
-0.0027701700
-0.0027470800
-0.0020713600
-0.0012929900
-0.0012424300
-0.0013521800
-0.0007086050
0.0000841195
-0.0000616211
-0.0007852460
-0.0007816600
-0.0000612647
-0.0002790270
-0.0009047170
-0.0008204630
-0.0011103400
-0.0017355300
-0.0013971500
-0.0007621690
-0.0005142480
-0.0004785410
-0.0008172630
-0.0010354300
-0.0006772270
-0.0005773740
-0.0006722030
0.0005553460
0.0017022800
0.0004987900
-0.0014088700
-0.0016330200
-0.0009151270
-0.0001067570
0.0009067070
0.0014725500
0.0011067200
0.0002320140
-0.0004841500
-0.0005755990
-0.0010661100
-0.0022265700
-0.0029613800
-0.0028456700
-0.0024839400
-0.0026386700
-0.0024720900
-0.0014738100
-0.0013341800
-0.0017245900
-0.0009591980
0.0002574970
0.0007109990
0.0001060040
-0.0000783469
0.0008989570
0.0015590800
0.0018409000
0.0026765800
0.0030013900
0.0023870500
0.0016084600
0.0013695400
0.0019470600
0.0020009800
0.0007581450
0.0001536230
0.0005123990
0.0006777930
0.0009267470
0.0013935100
0.0012846300
0.0005852740
0.0003974110
0.0012675700
0.0021250200
0.0014442700
0.0001285170
-0.0002745860
-0.0001187410
0.0003819460
0.0018947700
0.0033806800
0.0031528100
0.0017958500
0.0011195800
0.0013132400
0.0008942810
-0.0001336480
-0.0003511370
0.0002199040
0.0003032080
-0.0001795760
0.0000819241
0.0012208800
0.0015753100
0.0012694500
0.0010782200
0.0006574190
-0.0001132200
-0.0006863100
-0.0012045500
-0.0016473900
-0.0014117400
-0.0004064020
0.0002423190
-0.0006272520
-0.0018464100
-0.0017093600
-0.0013996400
-0.0014104500
-0.0009222390
-0.0006017870
-0.0009759000
-0.0010935000
-0.0006241630
-0.0003951700
-0.0004054770
0.0003917880
0.0013076200
0.0008025030
-0.0007248650
-0.0017727000
-0.0015745800
-0.0009548310
-0.0009536710
-0.0013259500
-0.0008604840
0.0002229680
-0.0002545720
-0.0018833800
-0.0027750000
-0.0026101400
-0.0024545000
-0.0027742900
-0.0028279200
-0.0019578300
-0.0006087590
0.0002800500
-0.0001733490
-0.0011463700
-0.0014414500
-0.0018207800
-0.0026820000
-0.0030807300
-0.0030996800
-0.0028620200
-0.0022586000
-0.0014836500
-0.0009357530
-0.0007847700
-0.0007710920
-0.0006227110
-0.0002694470
-0.0003028440
-0.0010380000
-0.0014447700
-0.0017267500
-0.0017726600
-0.0001666310
0.0014597200
0.0007395110
-0.0009776960
-0.0019479900
-0.0020409600
-0.0015246800
-0.0008224480
-0.0000273381
0.0000752340
-0.0006738010
-0.0012454000
-0.0007968820
0.0001692330
0.0001441450
-0.0009561250
-0.0019209800
-0.0021444500
-0.0018887300
-0.0017237600
-0.0017447900
-0.0017638300
-0.0013757200
-0.0006205610
0.0001239500
0.0001054240
-0.0010574000
-0.0020030400
-0.0021937700
-0.0019432900
-0.0015113900
-0.0014032900
-0.0013744500
-0.0013990900
-0.0017250000
-0.0016694200
-0.0009502110
-0.0000133791
0.0001088820
-0.0006502360
-0.0011306200
-0.0013430000
-0.0012785200
-0.0007460160
-0.0000546062
0.0008059520
0.0012744900
0.0006123460
-0.0003120270
-0.0003075890
0.0004001080
0.0003355410
-0.0006577900
-0.0013855300
-0.0013971000
-0.0007623870
-0.0000478793
0.0008072180
0.0015462200
0.0012331400
0.0007287980
0.0005624070
0.0006456650
0.0014222500
0.0018374000
0.0010816600
-0.0006084900
-0.0020017500
-0.0014040600
0.0000482743
0.0002394960
0.0000119774
0.0002001560
0.0008987620
0.0020299200
0.0025258300
0.0018569600
0.0007716510
-0.0002493360
-0.0006138460
0.0001727340
0.0014725400
0.0015906300
0.0008225940
0.0013150100
0.0022993900
0.0020459100
0.0012631600
0.0008241790
0.0011294500
0.0017785400
0.0020265700
0.0021424000
0.0021762300
0.0020118600
0.0020426500
0.0015722200
0.0002577280
-0.0001371600
0.0006823040
0.0014692800
0.0018195100
0.0017838800
0.0016945600
0.0014927800
0.0010115600
0.0013267900
0.0022053400
0.0023103800
0.0016678500
0.0013899100
0.0015880400
0.0014021000
0.0006448830
0.0005085990
0.0014467000
0.0026370300
0.0028171800
0.0012441700
-0.0007004870
-0.0010215200
-0.0001807040
0.0000016017
0.0002307700
0.0008198870
0.0009962820
0.0010319300
0.0005910080
0.0004325600
0.0006597450
-0.0000378719
-0.0009341790
-0.0011719800
-0.0012725000
-0.0007564400
0.0000772193
0.0002124740
-0.0001986500
-0.0005245110
-0.0003957670
-0.0001561620
0.0002302470
0.0007064340
0.0005166120
0.0001264370
0.0007138240
0.0016232200
0.0013920700
0.0004808070
-0.0005119570
-0.0016908500
-0.0017284700
-0.0009022750
-0.0005041060
-0.0004034320
-0.0004576880
-0.0003123850
-0.0001120160
-0.0003539340
-0.0009704040
-0.0017908500
-0.0017951800
-0.0009524870
-0.0005096300
-0.0000746885
0.0002939290
0.0006511580
0.0015994500
0.0016986200
0.0001586220
-0.0015113600
-0.0022201600
-0.0014031800
0.0000305996
0.0007112570
0.0010342200
0.0015632500
0.0021894800
0.0025586000
0.0024217000
0.0023010200
0.0023945800
0.0020853600
0.0008518320
-0.0000493178
0.0008300570
0.0021655400
0.0024748000
0.0020085900
0.0014015500
0.0011071300
0.0013632200
0.0016369500
0.0014538900
0.0003650900
-0.0005766840
0.0003716640
0.0019745100
0.0017852700
0.0004764690
0.0002784110
0.0011859900
0.0019547400
0.0019080800
0.0016167500
0.0012681200
0.0005468600
0.0009291870
0.0020829400
0.0018019300
0.0008136210
0.0000800311
-0.0006306070
-0.0008778350
-0.0007543270
-0.0002935370
0.0003777470
0.0001466220
-0.0002067770
0.0005813130
0.0017505600
0.0023843500
0.0019534500
0.0011380700
0.0008290170
0.0000761141
-0.0005510460
0.0001952160
0.0006701080
0.0006018810
0.0011119100
0.0013140200
0.0000233713
-0.0015585600
-0.0019030500
-0.0010294200
-0.0000052597
0.0002965230
0.0005061840
0.0008788310
0.0003674750
-0.0003090360
0.0003204190
0.0010095300
0.0005504480
0.0002576550
0.0003917680
-0.0001496790
-0.0009928180
-0.0015851100
-0.0016089600
-0.0008179660
-0.0001311610
-0.0006836850
-0.0016660800
-0.0020066200
-0.0017232400
-0.0012284900
-0.0006609890
0.0002397590
0.0010644500
0.0008785210
0.0004519050
0.0006304910
0.0006265210
0.0005081920
0.0005597330
-0.0002847130
-0.0015694700
-0.0021515400
-0.0024326600
-0.0023289000
-0.0017878500
-0.0012264500
-0.0008301750
-0.0008964630
-0.0011206800
-0.0009150740
-0.0006186240
-0.0013373000
-0.0020441700
-0.0013137400
-0.0000753618
0.0003455520
0.0004867680
0.0007568020
0.0004121540
-0.0004184160
-0.0007711980
-0.0006454170
-0.0003963410
-0.0008713190
-0.0015024100
-0.0013613900
-0.0010889500
-0.0010665500
-0.0010094900
-0.0012131000
-0.0015173800
-0.0019871700
-0.0024311400
-0.0023024000
-0.0022019900
-0.0018969300
-0.0008770670
-0.0005616680
-0.0014026300
-0.0020413500
-0.0020845700
-0.0014381000
-0.0001820650
0.0001973630
-0.0003230530
-0.0005751670
-0.0002108760
0.0004650790
0.0002536370
-0.0004840970
-0.0005010960
-0.0007256650
-0.0018010900
-0.0023080200
-0.0021351900
-0.0022089400
-0.0026015200
-0.0026582600
-0.0018943800
-0.0012198800
-0.0009912890
-0.0008176250
-0.0007881660
-0.0009795180
-0.0013721600
-0.0020438300
-0.0024511400
-0.0022370400
-0.0017045600
-0.0014953500
-0.0016546800
-0.0012502500
-0.0002621520
-0.0001712740
-0.0015188300
-0.0027297700
-0.0028201300
-0.0022468300
-0.0017720200
-0.0019108100
-0.0025680800
-0.0029115900
-0.0028397900
-0.0026023900
-0.0017175700
-0.0005206380
-0.0003170670
-0.0009025350
-0.0006097120
0.0003429390
-0.0001492590
-0.0013342300
-0.0016920600
-0.0016315000
-0.0013687400
-0.0013460100
-0.0021563200
-0.0029533100
-0.0027523500
-0.0020825200
-0.0015310000
-0.0013820400
-0.0012409600
-0.0007806510
-0.0007491990
-0.0010550700
-0.0011990600
-0.0013761000
-0.0010529100
-0.0004178430
-0.0001945820
-0.0002723390
-0.0005959280
-0.0010609900
-0.0011151900
-0.0008573410
-0.0010483900
-0.0018120400
-0.0025825400
-0.0030277900
-0.0029974900
-0.0023742500
-0.0016319300
-0.0014994000
-0.0013158800
-0.0009459600
-0.0010846600
-0.0013079000
-0.0007759170
-0.0003084000
-0.0011518100
-0.0024959700
-0.0030536600
-0.0031255100
-0.0031237200
-0.0030863300
-0.0027997600
-0.0022013200
-0.0014482700
-0.0007388520
-0.0001705910
-0.0005150700
-0.0017698800
-0.0023969400
-0.0015808200
-0.0000412399
0.0005815040
-0.0002840250
-0.0011156400
-0.0009237000
-0.0010682100
-0.0020938100
-0.0022093700
-0.0011093200
-0.0005207140
-0.0013607100
-0.0023080800
-0.0021412500
-0.0013794000
-0.0012930500
-0.0017951300
-0.0013120700
-0.0000761058
0.0000963556
-0.0006527740
-0.0007190940
-0.0000187865
-0.0000660702
-0.0010885900
-0.0018496100
-0.0023956300
-0.0028759500
-0.0027584500
-0.0017329400
-0.0005858020
-0.0003455160
-0.0009601890
-0.0013569100
-0.0014695300
-0.0015865300
-0.0008770160
-0.0001597750
-0.0004123270
-0.0006646630
-0.0005765960
-0.0006029660
-0.0009552930
-0.0012644200
-0.0008860840
-0.0001545520
0.0003293010
0.0007468330
0.0008074580
-0.0000296069
-0.0008428420
-0.0005207290
-0.0003507400
-0.0009519500
-0.0018291100
-0.0027515500
-0.0035655300
-0.0034497700
-0.0016663400
-0.0000949522
-0.0003885020
-0.0012267800
-0.0018999300
-0.0026929700
-0.0030806500
-0.0031242600
-0.0031246300
-0.0031249800
-0.0030410900
-0.0023595800
-0.0009466840
0.0002279370
0.0005500460
0.0003084970
-0.0004121360
-0.0010502000
-0.0006183970
0.0013940400
0.0032265200
0.0030644300
0.0021581200
0.0016084700
0.0006886450
0.0001136160
0.0006534350
0.0004511640
-0.0006560940
-0.0008720310
-0.0006095020
-0.0006088930
-0.0008145710
-0.0014100400
-0.0019247200
-0.0015398600
-0.0007825990
-0.0004565660
-0.0002708590
0.0003148950
0.0004239730
-0.0003838200
-0.0004122370
0.0002696970
0.0002969210
0.0002770510
0.0004554970
0.0006032680
0.0012143100
0.0020225400
0.0022839700
0.0023204200
0.0024014300
0.0022445400
0.0017207300
0.0006229490
-0.0003071840
0.0001971940
0.0015238300
0.0013878400
0.0000634327
0.0000770939
0.0010230900
0.0005870670
-0.0003139160
-0.0000940358
0.0001639420
0.0006221430
0.0015033600
0.0009161320
-0.0006456880
-0.0008853860
0.0005327240
0.0020112700
0.0018544400
0.0013567400
0.0020438800
0.0019867300
0.0002225540
-0.0011650800
-0.0003772250
0.0016932100
0.0028936000
0.0020558700
0.0003667920
-0.0004579800
-0.0004512740
0.0000840110
0.0011459000
0.0024031700
0.0032222300
0.0024968700
0.0002436740
-0.0012879200
-0.0006632800
0.0003630620
0.0000614161
-0.0008793240
-0.0012656200
-0.0008674830
-0.0004839610
-0.0011496500
-0.0022305500
-0.0017871900
-0.0003623720
-0.0000343782
-0.0001772210
0.0003282360
0.0004922250
0.0001043630
-0.0006815030
-0.0009889880
0.0000915079
0.0016069000
0.0016027400
-0.0003473940
-0.0019914400
-0.0018481300
-0.0013737500
-0.0013558300
-0.0012464400
-0.0014234500
-0.0022328300
-0.0028228000
-0.0025793000
-0.0022589600
-0.0018931800
-0.0011573200
-0.0010017700
-0.0014379100
-0.0013571000
-0.0011164200
-0.0009304010
-0.0006804520
-0.0010100100
-0.0013806700
-0.0012433600
-0.0010671500
-0.0012866600
-0.0017530300
-0.0021979400
-0.0025491800
-0.0023382900
-0.0010877400
-0.0001408530
-0.0004002990
-0.0006813680
-0.0005049560
-0.0007872520
-0.0010633200
-0.0005971820
-0.0003705100
-0.0010497500
-0.0012680600
-0.0004474970
0.0001939570
-0.0000239447
-0.0006534920
-0.0005653370
0.0001275390
0.0002276060
-0.0000557599
-0.0003938910
-0.0006190660
-0.0004586070
-0.0005540060
-0.0005168300
0.0001579190
0.0011979300
0.0019924400
0.0015889400
0.0007842780
0.0007401770
0.0018530100
0.0028901400
0.0018527000
0.0001209020
-0.0005654670
-0.0007491980
-0.0007883930
-0.0004477670
-0.0002373520
-0.0006257780
-0.0013391200
-0.0014028600
-0.0006123050
0.0000486004
0.0000370025
-0.0003838710
-0.0010528700
-0.0016584700
-0.0021974600
-0.0024120400
-0.0014688400
-0.0002379040
-0.0003836600
-0.0010630000
-0.0012940000
-0.0014333700
-0.0011510700
-0.0007898140
-0.0010451300
-0.0012049700
-0.0007065100
0.0000701684
0.0008467270
0.0015407600
0.0022906600
0.0025608700
0.0016689400
0.0008896660
0.0004004010
-0.0000060285
-0.0000379875
-0.0004520820
-0.0003785710
0.0016566900
0.0034957700
0.0033847600
0.0025233100
0.0019400500
0.0019207100
0.0013733700
-0.0003820770
-0.0010453800
0.0001209390
0.0009466030
0.0009443600
0.0011973000
0.0015710100
0.0013653400
0.0008173120
0.0001002070
-0.0006252450
-0.0003126170
0.0001252110
0.0002687310
0.0004513830
0.0005186190
0.0002481350
-0.0009103200
-0.0020172000
-0.0014788100
-0.0012446500
-0.0019707300
-0.0016003400
-0.0007188650
-0.0008780360
-0.0008397840
-0.0005805650
-0.0009571650
-0.0012458200
-0.0006806590
0.0000172038
-0.0005618490
-0.0022102400
-0.0032032800
-0.0030515300
-0.0025090000
-0.0022593400
-0.0024157100
-0.0023454900
-0.0015265500
-0.0003970560
-0.0000605892
-0.0003409400
0.0005789670
0.0020651900
0.0014240500
-0.0006033970
-0.0011489300
0.0001799950
0.0014321900
0.0017775100
0.0015859900
0.0005455990
-0.0001313680
0.0002064690
0.0004088170
0.0000371342
-0.0003254550
-0.0006215140
-0.0011355700
-0.0015111200
-0.0015101400
-0.0021010300
-0.0028675800
-0.0027208500
-0.0013200100
-0.0001641950
-0.0008916680
-0.0018964700
-0.0020655800
-0.0022436700
-0.0020157300
-0.0018299800
-0.0024524000
-0.0030024300
-0.0030851400
-0.0027100700
-0.0016213900
-0.0004094530
0.0002961570
0.0006339420
0.0008352610
0.0011102200
0.0011554100
0.0005433480
-0.0000765550
-0.0003683420
-0.0004972170
-0.0001057600
0.0004010530
0.0009944700
0.0019890900
0.0021940400
0.0012948500
0.0005087600
0.0005363740
0.0008495550
0.0007835510
0.0005191070
0.0003569640
0.0005141520
0.0006446920
0.0006171160
0.0014922100
0.0020347200
0.0015011600
0.0016083100
0.0021936100
0.0027264700
0.0032721800
0.0027191000
0.0012409900
-0.0001289600
-0.0011878100
-0.0012610800
-0.0003238730
0.0000140054
-0.0006008000
-0.0008644280
-0.0012069700
-0.0020451600
-0.0023073800
-0.0021335400
-0.0021996900
-0.0018550100
-0.0007171480
0.0005717990
0.0005636300
-0.0005407910
-0.0005089310
0.0003803110
0.0001917080
-0.0010084800
-0.0015345800
-0.0006597460
0.0007182270
0.0015895800
0.0008762820
-0.0007832800
-0.0015771500
-0.0013410100
-0.0008168010
-0.0003142010
-0.0005314650
-0.0013375700
-0.0010798600
-0.0006278200
-0.0011164000
-0.0015927300
-0.0012694400
-0.0005981700
-0.0003141660
-0.0008922600
-0.0018136800
-0.0024790100
-0.0026511500
-0.0020480000
-0.0011256100
-0.0000117998
0.0009845720
0.0005799930
-0.0007807390
-0.0015398600
-0.0014639000
-0.0000834288
0.0015587100
0.0011280900
-0.0002911070
-0.0008185500
-0.0013017400
-0.0013921600
-0.0002446820
0.0009439870
0.0015893100
0.0019784200
0.0017873300
0.0013644700
0.0007485790
-0.0001429810
-0.0008515200
-0.0008551760
-0.0003077690
0.0004045600
0.0004087050
0.0000456050
0.0003208460
0.0003243060
-0.0006572770
-0.0009158780
-0.0003306350
-0.0002112100
0.0004229020
0.0017888500
0.0020828400
0.0010682200
0.0005082850
0.0004975220
0.0001530240
0.0000233673
0.0006739720
0.0015367000
0.0014584900
0.0000703116
-0.0010339200
-0.0008579210
-0.0002752910
-0.0002854490
-0.0008626180
-0.0012351500
-0.0007048020
0.0004077730
0.0012336900
0.0011261700
0.0003583680
-0.0003048140
-0.0003247910
0.0004872050
0.0011552000
0.0008032050
0.0005305260
0.0008117880
0.0011241900
0.0011215400
0.0012345500
0.0018992400
0.0021841100
0.0015309200
0.0005900250
0.0002292520
0.0009797450
0.0017560400
0.0013426400
0.0004847590
0.0001824930
0.0003103490
0.0006787700
0.0012961600
0.0016005500
0.0009222630
0.0003481560
0.0002999460
-0.0000038028
-0.0000657861
0.0005660180
0.0008650540
0.0000207383
-0.0012325300
-0.0015962800
-0.0005331910
0.0003678840
-0.0002755100
-0.0013406500
-0.0012998500
-0.0006644800
0.0004295550
0.0018153500
0.0018224300
0.0008553370
0.0009671000
0.0012066200
0.0005062600
0.0004069020
0.0007430560
0.0003163270
-0.0000604702
-0.0002394720
-0.0007539500
-0.0009886930
-0.0007491220
-0.0008131520
-0.0013232200
-0.0016972100
-0.0014582200
-0.0012042500
-0.0010951100
-0.0007228490
-0.0001277220
0.0004407130
0.0004825820
-0.0001635540
-0.0006763050
-0.0008920850
-0.0015393500
-0.0020065600
-0.0015023400
0.0000091869
0.0007854900
0.0005695680
0.0010019800
0.0016853300
0.0020831300
0.0019372400
0.0006057620
-0.0006033730
-0.0004869270
0.0000666010
0.0002347410
0.0005425250
0.0011431000
0.0011973200
0.0004110390
-0.0010076500
-0.0017273100
-0.0008237610
0.0002595800
0.0004367910
0.0000966207
-0.0000708750
0.0001478140
0.0000514952
-0.0000412100
0.0003469320
0.0005648600
0.0003965330
-0.0000736849
-0.0005986170
-0.0002607590
0.0009089500
0.0009992440
0.0002838890
0.0011804600
0.0021281300
0.0010842600
-0.0002386440
-0.0006855340
-0.0001980740
0.0005009710
0.0001723230
0.0000873882
0.0007054040
-0.0002295690
-0.0018889400
-0.0019683900
-0.0011271000
-0.0001014010
0.0011793800
0.0020427800
0.0024465700
0.0028234700
0.0021920600
0.0009407590
0.0005168360
0.0005686350
0.0007304500
0.0011470200
0.0016122500
0.0017298600
0.0015617600
0.0006870460
-0.0010720600
-0.0022589800
-0.0019006500
-0.0006177430
0.0003455710
-0.0001977710
-0.0014531600
-0.0014235900
-0.0001780520
0.0012813300
0.0016859100
0.0005378930
-0.0003555840
-0.0002797920
0.0000538446
0.0005873990
0.0006580680
0.0000781277
0.0004766300
0.0010002600
-0.0003491170
-0.0019930700
-0.0017019000
-0.0007200100
-0.0006095510
-0.0007334020
-0.0003084080
0.0000848441
-0.0007316730
-0.0019771900
-0.0013555500
0.0002946850
0.0004387800
-0.0008290310
-0.0016922100
-0.0016764500
-0.0011183100
-0.0007122950
-0.0007450850
-0.0001717930
0.0009323970
0.0009805400
-0.0006544960
-0.0023593400
-0.0029555400
-0.0025955800
-0.0018508800
-0.0013309400
-0.0012994200
-0.0017405000
-0.0023348900
-0.0024526000
-0.0023331100
-0.0025480100
-0.0027608300
-0.0022840300
-0.0017637700
-0.0020481300
-0.0027156200
-0.0029491300
-0.0027206800
-0.0021633400
-0.0019083000
-0.0026602800
-0.0031272800
-0.0027606000
-0.0027876600
-0.0028635100
-0.0020757700
-0.0006936030
-0.0000248364
-0.0009348510
-0.0023159500
-0.0026436900
-0.0018055300
-0.0011953400
-0.0014646500
-0.0017970900
-0.0019405400
-0.0017913600
-0.0013381000
-0.0009278670
-0.0008232700
-0.0005408310
0.0001464370
0.0008485150
0.0008301400
0.0005564170
0.0004107000
-0.0001832560
-0.0006859470
0.0002035710
0.0013898000
0.0011334300
0.0001659370
-0.0001552280
0.0004000590
0.0007120250
0.0008515040
0.0013600400
0.0011806100
0.0004480000
-0.0001886980
-0.0009401140
-0.0018945900
-0.0022235200
-0.0005412840
0.0022382100
0.0036492300
0.0034282400
0.0022215000
0.0007156230
0.0002013100
0.0004737080
0.0003465260
-0.0006340730
-0.0019850200
-0.0024108200
-0.0014717500
-0.0002862360
-0.0002046800
-0.0008121620
-0.0009132660
-0.0005563990
-0.0001178440
-0.0000958261
-0.0006783040
-0.0006278350
-0.0004346770
-0.0010494400
-0.0013003200
-0.0001832730
0.0013709600
0.0014738300
0.0004896750
-0.0003436940
-0.0014486600
-0.0026504100
-0.0030071000
-0.0026757100
-0.0023816800
-0.0028260200
-0.0036486700
-0.0032966900
-0.0016340800
-0.0005918080
-0.0007124870
-0.0007280650
-0.0004890040
-0.0005129570
-0.0006061880
-0.0007038190
-0.0011913900
-0.0019490600
-0.0025278700
-0.0022136400
-0.0006978330
0.0005010770
0.0000807762
-0.0010631900
-0.0019792500
-0.0023258600
-0.0020714500
-0.0016830100
-0.0011288500
0.0002610060
0.0017840500
0.0023874200
0.0024540800
0.0014842100
-0.0001470850
-0.0001043880
0.0013647700
0.0021375800
0.0017992900
0.0005447050
-0.0004062140
0.0002771970
0.0016612100
0.0026281600
0.0030549500
0.0025867700
0.0014592000
0.0008151290
0.0006832830
0.0003221500
-0.0003496600
-0.0004241140
0.0003054620
0.0006063450
0.0002314070
0.0002385210
0.0011592600
0.0016646200
0.0006885550
-0.0007734060
-0.0016331400
-0.0012601400
-0.0003634630
-0.0004561930
-0.0008448840
-0.0009386540
-0.0012474800
-0.0011982000
-0.0003995440
-0.0006446330
-0.0016554100
-0.0014765600
-0.0005274030
0.0002508310
0.0003778630
-0.0000405274
0.0004346220
0.0013759100
0.0007924300
-0.0009244640
-0.0019210100
-0.0013432600
-0.0002616140
0.0003475870
0.0005831670
0.0005320770
0.0001167380
-0.0004144730
-0.0006589800
-0.0003534430
0.0000128706
-0.0000526201
-0.0003111590
-0.0008648850
-0.0013308300
-0.0010390200
-0.0001705490
0.0004838080
0.0007750500
0.0009310340
0.0001822270
-0.0007808260
-0.0005767900
-0.0004538520
-0.0003781670
0.0003659800
0.0003502020
-0.0002172540
0.0000455259
0.0003976110
0.0005824580
0.0008159580
0.0006349800
0.0005077030
0.0003776580
-0.0010969200
-0.0028583100
-0.0025464600
-0.0011309900
-0.0007606680
-0.0012196000
-0.0010935600
-0.0006971790
-0.0008412120
-0.0007250280
0.0000839959
0.0010097000
0.0015499500
0.0018919900
0.0016108100
0.0003997580
-0.0006812480
-0.0006733550
-0.0002172140
0.0000845594
0.0004295910
0.0011541900
0.0015555500
0.0008335910
-0.0000080123
0.0001300410
0.0002153320
-0.0005452680
-0.0008501210
-0.0000875093
0.0010963600
0.0017363800
0.0013361100
0.0004115450
-0.0006597160
-0.0010163700
0.0000572587
0.0010366200
0.0003954100
-0.0006132290
-0.0010134000
-0.0010262700
-0.0011298300
-0.0010379500
-0.0007884890
-0.0013348500
-0.0021812800
-0.0014365900
-0.0002689250
-0.0008641250
-0.0020722400
-0.0018178800
-0.0009912230
-0.0003266950
-0.0001161910
-0.0005250940
-0.0007929300
-0.0005768140
-0.0001870400
-0.0001345670
-0.0007919440
-0.0011389900
-0.0009353810
-0.0014862200
-0.0021346800
-0.0018838300
-0.0013030000
-0.0010683400
-0.0008839000
-0.0009194430
-0.0017006500
-0.0020539500
-0.0013240500
-0.0010016900
-0.0009122960
-0.0000775850
0.0001201090
-0.0007491750
-0.0016357300
-0.0020321300
-0.0016028300
-0.0012914700
-0.0014040600
-0.0010657100
-0.0008526000
-0.0016392200
-0.0023759800
-0.0015341200
0.0000837103
0.0011551900
0.0013989500
0.0016154600
0.0017797000
0.0011853000
0.0001203020
-0.0003163550
0.0005698170
0.0012750300
0.0003541450
-0.0008891260
-0.0005645160
0.0008680130
0.0018001100
0.0013846700
0.0005758130
0.0005278560
0.0009700290
0.0013127300
0.0012219000
0.0006165150
0.0005201170
0.0010480500
0.0012499500
0.0016670600
0.0022357200
0.0016107500
0.0008641170
0.0008130580
0.0010883300
0.0016048800
0.0020461500
0.0023218700
0.0022931400
0.0016799600
0.0011527700
0.0009136730
0.0007036130
0.0006199750
0.0002009520
-0.0006025310
-0.0011477900
-0.0009874350
-0.0000089200
0.0005941780
0.0003189250
-0.0005142240
-0.0016284900
-0.0022420800
-0.0021183900
-0.0020416600
-0.0021788400
-0.0020443500
-0.0016499000
-0.0016024400
-0.0014057400
-0.0013525800
-0.0021343600
-0.0026322300
-0.0026366600
-0.0030134100
-0.0028704400
-0.0021644200
-0.0021560300
-0.0021856600
-0.0008986310
0.0004653970
0.0002015480
-0.0011103500
-0.0017923300
-0.0017816500
-0.0016972900
-0.0006430160
0.0006734820
0.0006553490
0.0004040550
0.0007490590
0.0004477400
-0.0002284100
-0.0000848441
-0.0001265150
-0.0005284330
0.0002390200
0.0015046600
0.0013407300
0.0002886050
-0.0004244330
-0.0003575310
0.0005228600
0.0009038780
0.0006783790
0.0008687180
0.0008498550
0.0004134250
0.0007133090
0.0016331400
0.0017371800
0.0008117210
0.0006496640
0.0011207800
0.0004046740
-0.0010223700
-0.0015744900
-0.0008355520
0.0002379950
0.0006031170
0.0000506681
-0.0004657740
-0.0006026400
-0.0010999500
-0.0012353000
-0.0003550690
0.0001338970
-0.0002222080
-0.0004345000
-0.0009632010
-0.0018084800
-0.0020989900
-0.0014335200
-0.0000247841
0.0009155600
0.0006318080
0.0000708434
-0.0004252010
-0.0009290610
-0.0012437900
-0.0010729100
-0.0008036390
-0.0012430800
-0.0021157600
-0.0022674100
-0.0019624700
-0.0015323200
-0.0009070410
-0.0001282840
0.0000682723
-0.0010870300
-0.0027501800
-0.0032252300
-0.0021798200
-0.0008362940
-0.0006547810
-0.0015113700
-0.0019054800
-0.0013813700
-0.0007069280
-0.0007162770
-0.0018612100
-0.0023537700
-0.0012391300
-0.0007596210
-0.0017994900
-0.0023998400
-0.0018787000
-0.0012732200
-0.0009308870
-0.0003580780
0.0005552900
0.0007582450
-0.0000098208
-0.0009752650
-0.0017289000
-0.0019859900
-0.0017713100
-0.0020949900
-0.0030071600
-0.0026604700
-0.0011227300
0.0000610292
0.0002853540
-0.0003766230
-0.0008924340
-0.0010699800
-0.0013395000
-0.0004611540
0.0013226800
0.0019986400
0.0012017900
-0.0004299710
-0.0018491600
-0.0020108600
-0.0007149640
0.0010570700
0.0021923200
0.0018043800
0.0005310400
0.0001188980
0.0005365640
0.0003691130
-0.0003994890
-0.0005336540
-0.0001484880
-0.0002618300
-0.0004856750
0.0005001910
0.0020292200
0.0021603600
0.0004849360
-0.0013558400
-0.0015406400
-0.0008015610
-0.0003298460
-0.0003123070
0.0000963935
0.0013021500
0.0013027700
-0.0000236560
-0.0010758300
-0.0012468300
-0.0005617780
0.0005643490
0.0009015320
0.0004604750
0.0001994330
0.0004267090
0.0011714100
0.0019533100
0.0021303500
0.0018802100
0.0008692380
0.0000776625
0.0005065290
0.0007654700
0.0004180280
0.0003755940
0.0008561710
0.0015202000
0.0017924500
0.0012806100
0.0006781720
0.0006546670
0.0010515000
0.0017272900
0.0018674400
0.0012606900
0.0010199300
0.0015581400
0.0008333600
-0.0009923870
-0.0013859400
-0.0004170010
0.0006266330
0.0003287310
-0.0010760100
-0.0008810500
0.0003038940
0.0001501060
-0.0000422786
0.0009953790
0.0015344400
0.0005020970
-0.0005140370
-0.0003493050
0.0007421810
0.0017073200
0.0015174100
0.0007193970
0.0009473730
0.0018343400
0.0024180700
0.0019703000
0.0007918260
0.0004096680
0.0012739100
0.0014674100
0.0002302450
-0.0004662490
-0.0009705520
-0.0021842600
-0.0027558500
-0.0022295500
-0.0013854100
-0.0003512150
0.0004831380
0.0006897690
0.0010585000
0.0017080300
0.0016188000
0.0014766700
0.0011859100
0.0004502710
-0.0002220860
-0.0001310840
0.0011660200
0.0019708400
0.0008434970
-0.0001670210
0.0005439200
0.0012652900
0.0015490800
0.0026284100
0.0035312100
0.0028771800
0.0014656000
0.0002947080
-0.0000905603
-0.0000833485
-0.0002331830
0.0000816403
0.0009940480
0.0013644300
0.0009171870
0.0006116110
0.0008883690
0.0012851700
0.0009585830
0.0002725040
0.0002188420
0.0004176580
0.0005903870
0.0005661730
0.0004581900
0.0010482600
0.0018209800
0.0018919900
0.0018062500
0.0018866500
0.0018695400
0.0010224900
-0.0007470400
-0.0018852200
-0.0009675430
0.0004267670
0.0010805900
0.0020278100
0.0021588000
0.0006943090
-0.0007158050
-0.0014711900
-0.0012534700
-0.0005675370
-0.0006173110
-0.0005238730
0.0002393100
0.0002083570
0.0001142010
0.0011428600
0.0020015300
0.0021874000
0.0021059200
0.0013685300
0.0002173310
-0.0003980940
-0.0006195770
-0.0010384100
-0.0011493100
-0.0002355950
0.0010523900
0.0009327420
-0.0004334600
-0.0008572090
-0.0002975800
-0.0002442170
-0.0003548110
-0.0002823390
-0.0009179440
-0.0017617700
-0.0022276700
-0.0025254800
-0.0021402800
-0.0014079100
-0.0009879560
-0.0008845600
-0.0013492100
-0.0020073700
-0.0016457700
-0.0004393540
0.0005918610
0.0012845000
0.0013410000
0.0002494800
-0.0005625600
-0.0002421810
-0.0003107640
-0.0008773620
-0.0007791440
-0.0003468790
-0.0001006470
0.0001740190
0.0008630230
0.0013902200
0.0010418700
0.0005372950
0.0005986210
0.0008381730
0.0002036500
-0.0007687590
-0.0012016700
-0.0011507200
-0.0009561750
-0.0013523400
-0.0023089100
-0.0024950000
-0.0017834700
-0.0008929820
-0.0001959340
-0.0003368670
-0.0010522600
-0.0010235700
-0.0009936290
-0.0019168800
-0.0026416000
-0.0019727500
-0.0006174770
-0.0001639040
-0.0004989070
-0.0002718460
0.0001945490
0.0007126950
0.0010055600
0.0005690140
0.0002139190
0.0001689460
-0.0003281400
-0.0009124410
-0.0006247270
0.0001852420
0.0002808910
-0.0006641020
-0.0013123200
-0.0015445800
-0.0023544000
-0.0027260400
-0.0019140100
-0.0014063100
-0.0016796400
-0.0021381800
-0.0026414500
-0.0027324300
-0.0023687500
-0.0021622300
-0.0021853600
-0.0024466600
-0.0028719500
-0.0027309700
-0.0014524500
0.0000172644
-0.0000168421
-0.0010278800
-0.0013645000
-0.0006474040
0.0001106890
0.0002269220
-0.0001029610
-0.0005198750
-0.0009255740
-0.0012347600
-0.0010424100
-0.0001586810
0.0010484700
0.0010794000
-0.0001769870
-0.0007806060
-0.0010090100
-0.0019193000
-0.0024230100
-0.0023413400
-0.0025117400
-0.0025203300
-0.0020344500
-0.0018502200
-0.0022039400
-0.0021896400
-0.0013200800
-0.0001651400
0.0001744760
-0.0009418320
-0.0022243000
-0.0021093800
-0.0009225170
0.0003599410
0.0014202800
0.0019150900
0.0010400600
-0.0003088320
-0.0009698490
-0.0016889000
-0.0023690900
-0.0023869800
-0.0024299500
-0.0027548900
-0.0026271100
-0.0023457000
-0.0024334900
-0.0021373000
-0.0009802800
0.0004450580
0.0011628700
0.0007232010
0.0003280630
0.0004130910
-0.0005059070
-0.0019464500
-0.0018105200
-0.0002668640
0.0007581080
0.0008255300
0.0007789600
0.0009116420
0.0006910510
-0.0001714890
-0.0005647430
-0.0001712600
0.0000388000
0.0002445250
0.0009908270
0.0014978200
0.0012109100
0.0004581310
-0.0000397496
0.0003679110
0.0015656500
0.0023170800
0.0019252100
0.0012417300
0.0008899420
0.0008135780
0.0009735680
0.0013147200
0.0013595100
0.0011059300
0.0012470200
0.0015164000
0.0016892200
0.0016224100
0.0012582500
0.0013147500
0.0012412600
0.0004117570
-0.0001890820
-0.0004835390
-0.0006975960
-0.0005674500
-0.0005692410
-0.0002020960
0.0008422930
0.0009274480
0.0000062041
-0.0002205660
0.0003897080
0.0009745550
0.0016545000
0.0017000100
0.0010756000
0.0009646120
0.0014005300
0.0018923200
0.0024843400
0.0021484200
0.0006127220
-0.0006644530
-0.0005251340
0.0003661620
0.0008652780
0.0009873690
0.0010869600
0.0012855700
0.0010884500
0.0006024890
0.0007217570
0.0008486020
0.0006594700
0.0008048130
0.0009776190
0.0007035700
0.0004959650
0.0003476040
-0.0004541960
-0.0011658900
-0.0004846940
0.0004497450
0.0000338303
-0.0012819800
-0.0018307100
-0.0012133000
-0.0004039050
-0.0007352340
-0.0012441300
-0.0001814830
0.0006194720
-0.0005003130
-0.0020587500
-0.0031958500
-0.0034912000
-0.0028293700
-0.0025231300
-0.0025580100
-0.0017999600
-0.0009974600
-0.0007633200
-0.0003355310
0.0001827090
0.0006120700
0.0008190070
-0.0004399940
-0.0024657200
-0.0030942600
-0.0022920000
-0.0012483300
-0.0006574760
-0.0000621035
0.0006027330
0.0004428960
0.0000543531
0.0001367580
0.0004532260
0.0009625930
0.0014043500
0.0010033900
-0.0002517190
-0.0013587900
-0.0014798400
-0.0007545470
0.0003088870
0.0006582180
0.0004565870
0.0006384950
0.0008089550
0.0001595030
-0.0004619380
-0.0005455130
-0.0010246100
-0.0014766100
-0.0007364180
-0.0000066015
0.0000270851
0.0005904280
0.0011643900
0.0005424300
0.0002117560
0.0010653600
0.0010819900
-0.0002138180
-0.0011409800
-0.0003748080
0.0006588730
0.0000776144
-0.0010062000
-0.0016825400
-0.0018968500
-0.0015189900
-0.0013049000
-0.0010730700
-0.0005448650
-0.0005965540
-0.0010001400
-0.0007081610
0.0003501500
0.0010298100
0.0000564153
-0.0021221500
-0.0032896100
-0.0028807100
-0.0023455600
-0.0024822400
-0.0024906900
-0.0017383600
-0.0008920840
-0.0008874870
-0.0015266000
-0.0020397600
-0.0021740000
-0.0014600500
-0.0005690320
-0.0007038220
-0.0010261500
-0.0012228000
-0.0016263000
-0.0014265400
-0.0003042370
0.0007222630
0.0007292030
0.0001229390
0.0005288100
0.0012415000
0.0003711250
-0.0014359100
-0.0019332400
-0.0010682000
0.0002002020
0.0012545900
0.0010944000
0.0001867020
0.0003020380
0.0005197270
0.0002344910
0.0009210780
0.0016383700
0.0007875570
-0.0000625881
-0.0003525120
-0.0006004130
-0.0004016710
0.0001592250
0.0008841490
0.0013769800
0.0007784400
-0.0009988310
-0.0025301100
-0.0029281900
-0.0022061400
-0.0009055440
-0.0000263253
0.0000541464
0.0000006250
0.0000056465
-0.0004428300
-0.0009906000
-0.0013434400
-0.0019943500
-0.0021703100
-0.0013885100
-0.0011953300
-0.0023203300
-0.0032154900
-0.0023552200
-0.0011642200
-0.0012084600
-0.0015520300
-0.0015852500
-0.0014868900
-0.0013472900
-0.0013306200
-0.0010788400
-0.0012453100
-0.0017924800
-0.0013107700
-0.0008714070
-0.0016426500
-0.0022413200
-0.0016692300
-0.0007608180
-0.0004743990
-0.0010430900
-0.0017439800
-0.0015347200
-0.0007520100
-0.0003901060
-0.0005415370
-0.0007809500
-0.0008076610
-0.0006093180
-0.0001845640
0.0002478460
-0.0000479645
-0.0005351020
-0.0003475480
-0.0000699157
0.0004156620
0.0018246800
0.0028916400
0.0028296100
0.0026410000
0.0019944500
0.0005827710
-0.0004821660
-0.0007532460
-0.0005620320
0.0002899060
0.0010750800
0.0005463950
-0.0005035280
-0.0003602030
0.0004781980
0.0004840250
-0.0000566892
-0.0004157010
-0.0005956000
-0.0006461950
-0.0007255830
-0.0009728770
-0.0009410970
-0.0007492500
-0.0007268400
-0.0003168190
0.0006970300
0.0008222900
0.0003239660
0.0012113800
0.0022221600
0.0012113800
-0.0003986720
-0.0009315690
-0.0004385660
0.0000552005
-0.0000320263
-0.0007881230
-0.0016120400
-0.0017940800
-0.0015492800
-0.0014614900
-0.0011090200
-0.0010601900
-0.0014931500
-0.0015620300
-0.0016816600
-0.0015655100
-0.0008289930
-0.0005687420
-0.0003320220
-0.0001348850
-0.0008120170
-0.0009202750
-0.0003707840
-0.0007713890
-0.0015023100
-0.0011999300
-0.0000583170
0.0005936110
0.0000537386
-0.0011443400
-0.0017979000
-0.0016701400
-0.0018611000
-0.0022880500
-0.0023260000
-0.0025191800
-0.0026801000
-0.0020148600
-0.0015688400
-0.0018018200
-0.0014193300
-0.0006913860
-0.0003449840
-0.0004988930
-0.0015741200
-0.0027628000
-0.0029947000
-0.0023684000
-0.0010437100
0.0000037937
-0.0000248619
-0.0001445410
0.0001599710
0.0004767440
0.0010402300
0.0016953400
0.0015474300
0.0010904600
0.0009336360
-0.0000979333
-0.0015947100
-0.0014037900
-0.0005440480
-0.0004132470
-0.0005400500
-0.0005209460
-0.0003160540
-0.0000145680
-0.0001812010
-0.0005984210
-0.0009417830
-0.0008958010
-0.0002274660
0.0008906700
0.0019694400
0.0022210400
0.0014632000
0.0002991600
-0.0007836090
-0.0010650400
-0.0004333810
0.0001295930
0.0002417830
-0.0001226460
-0.0008587970
-0.0009871010
0.0000683378
0.0020053000
0.0027574900
0.0015647200
0.0012914000
0.0026037500
0.0027401100
0.0013588400
0.0004087980
0.0003336660
0.0010989500
0.0022455700
0.0023083100
0.0014996900
0.0011856300
0.0013522300
0.0013390300
0.0010077700
0.0005986980
0.0002484270
0.0001803450
0.0003731060
0.0005435140
0.0007547270
0.0009364680
0.0009723050
0.0012021900
0.0011308000
0.0005010020
-0.0002408630
-0.0009763680
-0.0017925100
-0.0022479300
-0.0014768700
0.0000851524
0.0007336530
-0.0000149880
-0.0009123050
-0.0008797210
0.0002954720
0.0013634800
0.0012526300
0.0011554500
0.0014938200
0.0015723000
0.0014484200
0.0012733700
0.0009093580
0.0008800510
0.0013152800
0.0014232600
0.0013944000
0.0020969100
0.0027250100
0.0018227200
-0.0000864778
-0.0007909050
-0.0002679420
-0.0000968909
0.0002753630
0.0008247670
0.0005205720
0.0004996240
0.0011093900
0.0006116660
-0.0004150810
-0.0005457850
-0.0004052090
-0.0003283860
-0.0007497950
-0.0017970000
-0.0022283700
-0.0016256600
-0.0009213310
-0.0004682100
0.0000679709
0.0004589520
0.0004415940
-0.0000375013
-0.0007767670
-0.0011180700
-0.0009411030
-0.0007719080
-0.0003447110
0.0001530670
0.0001699010
0.0007258580
0.0018718000
0.0015402100
-0.0001940750
-0.0012443700
-0.0017783800
-0.0023223400
-0.0016809100
-0.0004553890
-0.0006589000
-0.0014710200
-0.0008409240
0.0000375937
-0.0002489840
-0.0011909800
-0.0020792300
-0.0022651400
-0.0018500600
-0.0011905500
-0.0001745680
0.0006318490
0.0004087880
-0.0003966920
-0.0008065240
-0.0002275940
0.0010592500
0.0016451400
0.0013066600
0.0004850560
-0.0007231160
-0.0014224800
-0.0008506560
-0.0002194620
-0.0008378100
-0.0017322700
-0.0019818400
-0.0010233800
0.0005092830
0.0007289990
-0.0005158020
-0.0019736300
-0.0025580800
-0.0017480700
-0.0009790190
-0.0013398500
-0.0016214900
-0.0014455700
-0.0013404500
-0.0009700630
-0.0003563860
0.0004290370
0.0009571420
-0.0000129959
-0.0015883100
-0.0023878200
-0.0023603300
-0.0018546700
-0.0011927200
-0.0007997440
-0.0004528490
0.0000783157
0.0000905176
-0.0009087530
-0.0020329800
-0.0019695500
-0.0009554990
-0.0006518040
-0.0014958800
-0.0020093200
-0.0016269900
-0.0014086600
-0.0014082000
-0.0016602900
-0.0023271300
-0.0019531700
-0.0001405600
0.0007560200
-0.0000434600
-0.0004610120
-0.0002267230
-0.0002612730
-0.0004887040
-0.0014602000
-0.0028525100
-0.0027480700
-0.0010679500
0.0006728070
0.0012606600
0.0003190340
-0.0006803010
-0.0003108360
0.0000665798
-0.0005957960
-0.0009803100
-0.0001474800
0.0007694560
0.0008162050
0.0003409640
-0.0006654970
-0.0017067300
-0.0023342100
-0.0026095100
-0.0023198900
-0.0012182400
-0.0003526390
-0.0005597390
-0.0008814650
-0.0003250830
0.0003756950
0.0007030530
0.0007988630
0.0005171160
-0.0002837840
-0.0014546900
-0.0017543400
-0.0010645500
-0.0008213520
-0.0009405790
-0.0005248440
-0.0002020420
-0.0007459430
-0.0013017200
-0.0012700300
-0.0011723300
-0.0013270300
-0.0014121400
-0.0013685400
-0.0017408100
-0.0023895500
-0.0017875200
0.0001001990
0.0016702500
0.0017669400
0.0013052700
0.0014661800
0.0012937300
-0.0003859380
-0.0023124800
-0.0030193800
-0.0027374700
-0.0017262400
-0.0008833740
-0.0011154800
-0.0018776400
-0.0019930500
-0.0007680040
0.0005643690
0.0008402980
0.0005445600
-0.0005724450
-0.0017764300
-0.0016433600
-0.0011625800
-0.0016518200
-0.0022972600
-0.0018947600
-0.0011047200
-0.0012144200
-0.0014595200
-0.0012704600
-0.0009285700
-0.0005078140
-0.0005277430
-0.0009108250
-0.0011614200
-0.0011045500
0.0001309600
0.0015434600
0.0009262350
-0.0004117860
-0.0000552271
0.0006339480
0.0002243090
-0.0002139360
-0.0007183960
-0.0015707200
-0.0011108900
0.0004608940
0.0012249500
0.0006866940
0.0001852220
0.0003788580
0.0002952110
-0.0004894220
-0.0007306870
-0.0008964340
-0.0012436100
-0.0010873800
-0.0010499900
-0.0012434100
-0.0010077200
-0.0004352550
0.0002383830
0.0003017020
-0.0004942450
-0.0007947540
-0.0003186440
-0.0002616630
-0.0011635100
-0.0018076200
-0.0012904000
-0.0006008160
-0.0003647080
0.0000175852
0.0001102190
-0.0005228710
-0.0013939300
-0.0021636500
-0.0024381100
-0.0023424500
-0.0026362800
-0.0029975700
-0.0027912300
-0.0018277100
-0.0009954780
-0.0012695600
-0.0014013300
-0.0007034420
-0.0003259870
-0.0000212600
0.0001029610
-0.0010333900
-0.0025056700
-0.0029024800
-0.0021962600
-0.0009231920
-0.0001452190
0.0000756035
-0.0001608120
-0.0013266600
-0.0027092100
-0.0027626900
-0.0017307500
-0.0007313720
-0.0000867901
-0.0002881090
-0.0005222780
0.0001207300
0.0007944760
0.0005609770
-0.0000678006
-0.0005348620
-0.0008033880
-0.0009324760
-0.0013460600
-0.0019328000
-0.0015966600
-0.0007576170
-0.0008654030
-0.0013072400
-0.0011270900
-0.0009768220
-0.0009227660
-0.0005169310
-0.0003502360
-0.0005523480
-0.0006095730
-0.0005159230
0.0000160230
0.0001770970
-0.0003950180
-0.0007171130
-0.0005988690
-0.0001101460
0.0007000560
0.0009608840
0.0003673320
-0.0006383460
-0.0014395900
-0.0017015600
-0.0013979100
-0.0012202800
-0.0012639000
-0.0012021300
-0.0014950900
-0.0016859700
-0.0015301800
-0.0015186000
-0.0015709300
-0.0011022000
-0.0005070390
-0.0005614050
-0.0010186100
-0.0009968960
-0.0003404810
0.0005796490
0.0008710940
0.0009486810
0.0016245100
0.0017507500
0.0006744740
-0.0001367620
0.0003792960
0.0014244300
0.0023195500
0.0029767200
0.0030972700
0.0029528400
0.0021388400
0.0005249360
-0.0003955720
-0.0001744120
0.0000081784
-0.0005252480
-0.0013611600
-0.0015555600
-0.0014575700
-0.0015066500
-0.0011065200
-0.0005264420
0.0000246291
0.0006376850
0.0005772450
0.0002373340
0.0008646680
0.0014156900
0.0006140940
-0.0002815340
-0.0000826449
0.0000701129
-0.0003649310
-0.0006118960
-0.0009492690
-0.0014445300
-0.0013186000
-0.0010051300
-0.0011950600
-0.0016662800
-0.0019062800
-0.0014546100
-0.0003392280
0.0008195150
0.0006737830
-0.0006227760
-0.0019011000
-0.0021499000
-0.0008163910
0.0008111340
0.0012586600
0.0012450700
0.0011565900
0.0006745230
0.0004415820
0.0004943160
0.0007086670
0.0007990910
0.0010521400
0.0011342100
-0.0001140650
-0.0017886700
-0.0018124700
-0.0010373900
-0.0014290600
-0.0024486400
-0.0024407600
-0.0016321200
-0.0011160900
-0.0010362500
-0.0010366900
-0.0006405670
-0.0000033513
-0.0006729170
-0.0022961500
-0.0028614800
-0.0022359800
-0.0015718500
-0.0012908200
-0.0017557300
-0.0024225000
-0.0023505200
-0.0019274200
-0.0012773600
-0.0009728130
-0.0017572300
-0.0024310100
-0.0020670900
-0.0012628200
-0.0007824040
-0.0010339100
-0.0012398000
-0.0007344310
-0.0001574670
-0.0000725806
-0.0006104560
-0.0011864500
-0.0014976800
-0.0020421200
-0.0026826100
-0.0026547100
-0.0021736300
-0.0019294700
-0.0022008100
-0.0023377100
-0.0016237200
-0.0010949300
-0.0014389200
-0.0012103100
-0.0004240040
-0.0004134370
-0.0006886540
-0.0009408710
-0.0012408900
-0.0010249000
-0.0007972120
-0.0012724100
-0.0018130000
-0.0012283600
0.0009581030
0.0027922200
0.0019827700
-0.0002237880
-0.0013423900
-0.0011328900
-0.0009278810
-0.0011923400
-0.0008423920
0.0001234090
-0.0001439290
-0.0013892000
-0.0012092100
-0.0000869487
-0.0002634720
-0.0014072800
-0.0020838500
-0.0017107700
0.0001159070
0.0019169300
0.0020623000
0.0017141200
0.0011596900
0.0006130870
0.0007942360
0.0007465000
0.0007258880
0.0007438660
-0.0002403350
-0.0010690800
-0.0006078710
0.0005415670
0.0017931800
0.0020571500
0.0013427800
0.0006675310
0.0005548390
0.0008945910
0.0010102600
0.0002651400
-0.0004305980
-0.0002156920
0.0001647560
0.0001298750
0.0001502720
0.0009524730
0.0020591700
0.0022421800
0.0018636300
0.0015396000
0.0008328960
-0.0006185700
-0.0016253200
-0.0004752520
0.0017790800
0.0031051100
0.0025339000
0.0006673230
-0.0004693020
-0.0000601854
0.0004777220
0.0001868630
-0.0005905870
-0.0012334600
-0.0013160300
-0.0006285040
-0.0001929720
-0.0006004370
-0.0005176060
0.0003536020
0.0000057962
-0.0011099000
-0.0009185270
-0.0000012199
0.0001967680
0.0003475660
0.0012009500
0.0013833500
0.0009536720
0.0008014200
0.0002991570
-0.0005614470
-0.0008953910
-0.0003487920
0.0005632250
0.0003958730
-0.0005894280
-0.0003330390
0.0010929700
0.0021149100
0.0022861300
0.0015948900
0.0000446339
-0.0004186950
0.0005720350
0.0008271820
-0.0002523400
-0.0012104300
-0.0015414600
-0.0011657000
-0.0003057770
-0.0001530440
-0.0009416550
-0.0018307500
-0.0028652200
-0.0035210100
-0.0035049000
-0.0033152400
-0.0025284000
-0.0018542800
-0.0022518000
-0.0025234500
-0.0020002800
-0.0011865400
-0.0007312520
-0.0009736480
-0.0013807000
-0.0015612000
-0.0018269200
-0.0021349100
-0.0019398200
-0.0009997340
-0.0000118549
0.0001087230
-0.0006966970
-0.0015612500
-0.0012639200
-0.0001539620
0.0001609620
-0.0003067900
-0.0007077230
-0.0010395900
-0.0014452300
-0.0015578600
-0.0007293630
-0.0000580002
-0.0006863080
-0.0014181200
-0.0014707900
-0.0006783820
0.0003274670
0.0000660033
-0.0012996900
-0.0024654100
-0.0025703900
-0.0012075900
0.0005887240
0.0014730500
0.0009354780
-0.0008235660
-0.0023596600
-0.0023878500
-0.0017212500
-0.0010962300
-0.0007417190
-0.0007669210
-0.0007570070
-0.0008616520
-0.0016294200
-0.0026053800
-0.0029402500
-0.0023594500
-0.0015055300
-0.0013500000
-0.0016390500
-0.0014223000
-0.0010071600
-0.0011211500
-0.0011825400
-0.0007145050
-0.0006962400
-0.0009970690
-0.0010036400
-0.0009261760
-0.0011994500
-0.0013877400
-0.0014623500
-0.0019916500
-0.0024399900
-0.0019349200
-0.0010603800
-0.0001015100
0.0012783500
0.0017737900
0.0005976980
-0.0005883880
-0.0008166370
-0.0011248900
-0.0017208700
-0.0016219500
-0.0009543720
-0.0007689950
-0.0011544600
-0.0015053600
-0.0012554500
-0.0003605040
0.0000794737
-0.0006662220
-0.0014381900
-0.0006868580
0.0005166560
0.0008965690
0.0009809930
0.0006259600
-0.0002001910
-0.0007053750
-0.0010377500
-0.0015741300
-0.0013048300
0.0003991420
0.0012657700
0.0004693630
-0.0005764930
-0.0008591260
0.0001655680
0.0015711400
0.0017355900
0.0007387590
-0.0006459350
-0.0010733800
-0.0000382971
0.0005116080
0.0005968540
0.0007278880
-0.0003143950
-0.0013951500
-0.0003888680
0.0011183700
0.0007493050
-0.0004908240
-0.0001473900
0.0015667000
0.0019969100
0.0003675310
-0.0010316300
-0.0010383700
-0.0006904660
-0.0003206570
0.0001741620
0.0000645169
-0.0000277664
0.0003710780
0.0004292070
0.0002015890
0.0000716712
-0.0004584900
-0.0009643590
-0.0013668700
-0.0021535200
-0.0024936700
-0.0012781300
0.0001215130
0.0002210610
-0.0000407253
0.0002420370
0.0012855600
0.0030280600
0.0041428200
0.0034556300
0.0016778900
0.0005791220
0.0007384680
0.0016026800
0.0026556500
0.0025605300
0.0014598800
0.0006367800
0.0005741500
0.0016960400
0.0031194800
0.0025105800
0.0002975800
-0.0010362000
