0.0000000000
-0.0000000110
-0.0000001866
-0.0000006937
-0.0000007662
0.0000004876
0.0000012523
0.0000005032
-0.0000012869
-0.0000017637
0.0000009787
0.0000020658
0.0000007686
0.0000012589
0.0000001653
-0.0000001400
-0.0000001976
0.0000007079
0.0000024585
0.0000002374
-0.0000020983
-0.0000014029
-0.0000017644
0.0000005070
0.0000048032
0.0000055334
0.0000047906
0.0000005408
-0.0000009113
-0.0000000694
-0.0000007056
-0.0000005168
0.0000011428
0.0000002863
-0.0000000802
0.0000038813
0.0000026319
-0.0000006024
-0.0000006768
0.0000002839
-0.0000002807
-0.0000002911
-0.0000003907
-0.0000004398
0.0000007423
0.0000011555
0.0000017009
0.0000026650
0.0000024096
0.0000021375
0.0000009224
-0.0000007186
-0.0000018822
-0.0000007988
0.0000000889
0.0000001280
0.0000002390
0.0000001456
-0.0000003343
0.0000000326
0.0000007503
0.0000006902
0.0000002371
-0.0000002661
-0.0000002253
-0.0000002049
-0.0000002035
-0.0000003914
-0.0000003113
0.0000002867
0.0000004732
-0.0000001302
-0.0000008475
-0.0000001103
0.0000010579
0.0000010451
0.0000002129
-0.0000008305
-0.0000008132
-0.0000001735
-0.0000001539
-0.0000001055
-0.0000001228
0.0000001814
0.0000004318
0.0000005954
0.0000001701
-0.0000007497
0.0000002371
0.0000005984
0.0000004874
0.0000000955
-0.0000004725
-0.0000003310
-0.0000003719
-0.0000010715
-0.0000002283
0.0000004785
0.0000014883
0.0000014474
0.0000007820
0.0000013368
0.0000011139
-0.0000007388
-0.0000016882
-0.0000006021
0.0000008973
0.0000003648
-0.0000000843
-0.0000000770
-0.0000000709
0.0000010062
0.0000003805
-0.0000005348
-0.0000003205
-0.0000004093
0.0000005391
0.0000004676
0.0000001283
-0.0000002933
-0.0000005811
-0.0000009599
-0.0000011848
-0.0000020955
-0.0000005314
0.0000009251
-0.0000005127
-0.0000006698
0.0000002020
-0.0000005931
-0.0000014761
-0.0000009603
0.0000005764
0.0000003206
-0.0000003322
0.0000005365
0.0000003633
-0.0000005780
0.0000004333
0.0000017050
0.0000014769
0.0000009313
0.0000006937
-0.0000004932
-0.0000018660
-0.0000011520
-0.0000009072
-0.0000005083
-0.0000010872
-0.0000012557
-0.0000005817
-0.0000002438
-0.0000002613
-0.0000003772
-0.0000001842
0.0000000051
0.0000001957
0.0000005306
0.0000010925
0.0000011774
0.0000011826
0.0000002579
-0.0000006214
-0.0000004447
0.0000002270
0.0000010653
-0.0000003878
-0.0000008655
-0.0000008711
0.0000000607
0.0000005080
0.0000001684
0.0000011217
0.0000007812
-0.0000001463
0.0000014904
0.0000024774
0.0000021592
0.0000022452
-0.0000011500
-0.0000042157
-0.0000011436
0.0000023674
0.0000011936
-0.0000004975
-0.0000004572
0.0000002603
0.0000002931
-0.0000003116
-0.0000005195
-0.0000013501
-0.0000014821
-0.0000003285
-0.0000003726
-0.0000005593
0.0000002004
0.0000010394
-0.0000004037
-0.0000008689
0.0000021572
0.0000026306
0.0000008171
0.0000002308
0.0000000993
-0.0000001082
-0.0000002118
0.0000000540
0.0000007594
0.0000003161
-0.0000013216
0.0000008139
0.0000023901
0.0000015283
0.0000013041
0.0000003057
-0.0000000878
0.0000013856
0.0000028496
0.0000000034
-0.0000003421
0.0000011632
0.0000007619
0.0000000888
0.0000003126
0.0000006509
0.0000001246
-0.0000008620
-0.0000006820
0.0000009009
0.0000018406
0.0000031412
0.0000036998
0.0000003761
-0.0000024039
-0.0000005497
0.0000002012
-0.0000015869
-0.0000021468
-0.0000020681
-0.0000007753
-0.0000000573
0.0000001560
-0.0000001091
0.0000007314
0.0000005360
-0.0000013731
-0.0000020639
-0.0000011240
0.0000009102
0.0000020457
0.0000026057
0.0000009694
-0.0000026274
-0.0000019678
0.0000015499
0.0000021778
-0.0000003164
-0.0000012621
-0.0000016813
-0.0000013302
-0.0000001785
0.0000014315
0.0000004902
-0.0000013325
-0.0000008351
0.0000007831
0.0000004287
-0.0000006266
0.0000006760
0.0000008218
-0.0000008142
-0.0000008925
0.0000017600
0.0000031035
0.0000013648
-0.0000028467
-0.0000054631
-0.0000038208
-0.0000014858
0.0000015609
0.0000020897
0.0000016319
0.0000011084
-0.0000009880
-0.0000016440
0.0000000263
0.0000026578
0.0000033055
0.0000022870
0.0000027034
0.0000030914
0.0000016326
-0.0000001312
-0.0000018290
-0.0000017704
-0.0000018712
0.0000002084
0.0000033656
0.0000013194
-0.0000009240
-0.0000008338
-0.0000006434
0.0000001610
-0.0000000245
0.0000006010
0.0000008065
0.0000003955
0.0000029902
0.0000030923
0.0000018650
0.0000009544
-0.0000003425
0.0000004552
0.0000019566
0.0000001708
-0.0000035997
-0.0000035781
0.0000006774
0.0000021385
-0.0000020360
-0.0000027910
-0.0000015460
-0.0000011196
0.0000002159
0.0000003931
0.0000010885
0.0000011014
0.0000007587
0.0000002027
0.0000002285
0.0000008901
0.0000005071
-0.0000002337
-0.0000011789
-0.0000001766
0.0000008060
0.0000013463
0.0000010566
0.0000017647
0.0000020520
-0.0000005197
-0.0000018877
-0.0000004342
-0.0000007464
-0.0000009860
0.0000006128
0.0000004606
0.0000000676
0.0000002800
0.0000002328
0.0000005969
0.0000011323
0.0000013698
-0.0000003907
-0.0000012958
-0.0000007106
-0.0000005570
-0.0000001433
0.0000001157
0.0000000604
-0.0000001060
-0.0000000910
0.0000004158
0.0000000760
0.0000001389
0.0000000046
-0.0000005139
-0.0000004072
-0.0000005007
-0.0000009126
-0.0000013988
0.0000008548
0.0000026175
0.0000012444
0.0000005581
0.0000020322
0.0000024639
0.0000023160
0.0000010361
0.0000015825
-0.0000002716
-0.0000025783
-0.0000023123
-0.0000004708
-0.0000021114
-0.0000015110
0.0000002465
0.0000005402
-0.0000000820
-0.0000013563
-0.0000025015
-0.0000014329
0.0000003005
0.0000006130
0.0000002896
-0.0000002040
-0.0000004858
-0.0000005166
-0.0000023281
-0.0000019235
-0.0000003497
-0.0000004398
0.0000012982
0.0000000283
-0.0000018346
-0.0000012107
-0.0000016189
-0.0000007215
-0.0000010781
-0.0000012857
-0.0000023856
-0.0000024451
-0.0000000055
0.0000000737
-0.0000001028
-0.0000005948
-0.0000013601
0.0000009354
0.0000012762
-0.0000012190
-0.0000010718
0.0000010452
0.0000008947
-0.0000015201
0.0000001707
0.0000007719
0.0000001925
0.0000001812
0.0000006113
-0.0000007420
-0.0000028184
-0.0000023425
0.0000009019
0.0000024281
0.0000004588
0.0000006676
0.0000016916
0.0000000952
-0.0000003211
0.0000006341
-0.0000002957
-0.0000023106
-0.0000017164
0.0000001213
0.0000007504
0.0000007524
0.0000010055
-0.0000008912
-0.0000001755
0.0000017655
0.0000006578
-0.0000018241
-0.0000037461
-0.0000011008
0.0000016369
0.0000007353
0.0000004272
0.0000003284
-0.0000005713
-0.0000005523
-0.0000012455
-0.0000018577
-0.0000014848
-0.0000000774
0.0000006510
-0.0000001955
-0.0000005045
0.0000000047
0.0000003275
-0.0000002378
-0.0000003142
0.0000006029
0.0000015759
0.0000019324
0.0000004831
-0.0000014767
-0.0000014701
-0.0000018581
-0.0000007535
0.0000019308
0.0000020495
0.0000033754
0.0000028939
-0.0000011265
-0.0000027828
-0.0000014805
0.0000008577
0.0000015159
-0.0000004033
-0.0000003710
0.0000010410
0.0000000101
-0.0000004632
0.0000003937
-0.0000003902
-0.0000010615
-0.0000000454
0.0000003605
0.0000001076
-0.0000002340
0.0000002507
0.0000014495
0.0000024822
0.0000020598
-0.0000011568
-0.0000030068
-0.0000017122
0.0000001673
0.0000006264
0.0000010870
0.0000006166
-0.0000020553
-0.0000040643
-0.0000009750
0.0000000966
-0.0000010899
-0.0000002159
-0.0000000505
0.0000001816
0.0000001344
-0.0000007504
-0.0000005239
0.0000002993
0.0000013267
0.0000024055
0.0000018142
0.0000022965
0.0000028066
0.0000012509
0.0000005646
-0.0000004054
-0.0000007282
-0.0000006687
-0.0000003104
0.0000005117
0.0000005696
-0.0000010707
-0.0000016503
0.0000000598
0.0000000791
0.0000000853
-0.0000002439
-0.0000004138
0.0000001158
-0.0000000328
-0.0000009998
-0.0000002603
0.0000013334
0.0000013276
0.0000026094
0.0000037364
0.0000027354
0.0000014563
0.0000011200
0.0000004547
-0.0000000282
0.0000003080
0.0000003723
0.0000005086
-0.0000010065
-0.0000022588
-0.0000025564
-0.0000024219
0.0000002789
0.0000012818
0.0000011319
0.0000019449
-0.0000000108
-0.0000039135
-0.0000048071
-0.0000037465
0.0000004453
0.0000035745
0.0000012872
-0.0000000781
0.0000002347
0.0000001974
0.0000000534
-0.0000000578
-0.0000001573
-0.0000009557
-0.0000003196
0.0000003067
0.0000005610
0.0000003080
-0.0000007333
-0.0000026851
-0.0000028460
-0.0000006021
0.0000018918
0.0000022467
0.0000022506
0.0000009888
-0.0000004997
-0.0000002305
-0.0000004726
-0.0000017995
-0.0000017284
-0.0000005822
0.0000003404
0.0000008047
0.0000001552
-0.0000008730
-0.0000004690
0.0000003880
0.0000003494
0.0000003488
-0.0000001166
-0.0000003697
-0.0000005254
0.0000002915
0.0000006634
0.0000009664
0.0000021107
-0.0000000454
-0.0000008198
-0.0000009028
-0.0000007203
0.0000004498
0.0000006524
-0.0000012293
-0.0000000961
0.0000016146
0.0000012253
0.0000000045
-0.0000018295
-0.0000024800
-0.0000024739
-0.0000000389
0.0000011793
-0.0000000995
-0.0000000517
0.0000007061
-0.0000010748
-0.0000007224
0.0000025901
0.0000013662
-0.0000002654
-0.0000000845
0.0000007234
0.0000005532
-0.0000009939
-0.0000010856
-0.0000004294
0.0000000282
0.0000002363
0.0000003371
0.0000003136
0.0000003615
0.0000002270
0.0000008074
0.0000000121
-0.0000012960
0.0000006969
0.0000005257
-0.0000010589
0.0000008225
0.0000015744
-0.0000025169
-0.0000051939
-0.0000040343
-0.0000010612
-0.0000002360
0.0000003713
0.0000016110
0.0000011334
0.0000003510
0.0000003921
-0.0000000804
0.0000001711
0.0000004707
-0.0000004190
-0.0000003261
0.0000001766
-0.0000000927
-0.0000000852
-0.0000000663
-0.0000001206
-0.0000003589
-0.0000006487
-0.0000014357
-0.0000016985
-0.0000020755
-0.0000000653
0.0000023837
0.0000010279
0.0000001150
0.0000002804
0.0000007329
0.0000002587
-0.0000028521
-0.0000048539
-0.0000042858
-0.0000000974
0.0000032545
0.0000015129
-0.0000004306
-0.0000003875
-0.0000004350
-0.0000012969
-0.0000023138
-0.0000019812
-0.0000014297
0.0000003016
0.0000011587
0.0000001001
-0.0000021246
-0.0000008212
0.0000010094
0.0000000100
0.0000000006
0.0000015621
0.0000020798
-0.0000000990
-0.0000007369
-0.0000001153
-0.0000000328
-0.0000005039
-0.0000016881
-0.0000008497
-0.0000000357
-0.0000019707
-0.0000015931
0.0000000185
0.0000010355
0.0000005402
-0.0000008917
-0.0000000789
0.0000019238
0.0000025566
0.0000017556
-0.0000014648
-0.0000033152
-0.0000029629
-0.0000017640
0.0000001664
0.0000004994
-0.0000015861
-0.0000017418
0.0000016047
0.0000012287
-0.0000007318
-0.0000013533
-0.0000000688
0.0000020265
0.0000006002
-0.0000026308
-0.0000013736
0.0000006773
0.0000003403
-0.0000000942
0.0000005310
0.0000004254
0.0000005396
0.0000014941
0.0000008261
0.0000014189
0.0000020725
0.0000015326
-0.0000007369
-0.0000009195
-0.0000002423
0.0000005628
0.0000002767
0.0000001032
0.0000001589
-0.0000000141
-0.0000000201
0.0000004732
0.0000003203
-0.0000002438
-0.0000003814
-0.0000010249
-0.0000003255
0.0000004313
0.0000004756
0.0000000146
0.0000002965
-0.0000003105
-0.0000010195
-0.0000001550
-0.0000007538
-0.0000024285
-0.0000011420
0.0000015553
0.0000015571
0.0000006553
-0.0000001003
-0.0000003430
0.0000001909
0.0000000009
-0.0000018855
-0.0000035376
-0.0000021918
0.0000001146
-0.0000001391
-0.0000003528
-0.0000004845
-0.0000003377
-0.0000003878
0.0000008667
0.0000012293
0.0000012074
0.0000020337
0.0000017529
-0.0000006968
-0.0000016312
-0.0000011008
0.0000012309
0.0000020214
0.0000027225
0.0000023073
0.0000001253
-0.0000003848
-0.0000004821
-0.0000020934
-0.0000015393
0.0000000129
-0.0000017138
-0.0000019166
-0.0000013280
-0.0000010216
-0.0000002258
-0.0000001664
-0.0000000614
-0.0000001393
-0.0000017297
-0.0000031640
-0.0000015402
0.0000019321
0.0000025828
0.0000005699
-0.0000017233
-0.0000008065
0.0000009651
-0.0000001248
0.0000004400
0.0000003065
-0.0000007738
0.0000006713
0.0000016930
0.0000001761
-0.0000014126
-0.0000024667
-0.0000033514
-0.0000022141
0.0000013392
0.0000013930
0.0000005059
0.0000001821
0.0000004979
0.0000003174
-0.0000000607
-0.0000002903
-0.0000003177
0.0000000099
-0.0000000074
-0.0000011563
-0.0000016511
-0.0000014129
-0.0000006798
-0.0000001501
0.0000001992
0.0000001855
0.0000000335
0.0000001445
0.0000003468
0.0000003990
0.0000008846
0.0000011967
-0.0000008262
-0.0000027894
-0.0000032632
-0.0000021286
0.0000003255
0.0000013700
0.0000007350
0.0000000901
0.0000008246
0.0000005932
-0.0000006086
-0.0000004728
0.0000007038
0.0000031325
0.0000025933
-0.0000002973
-0.0000016021
0.0000008138
0.0000008263
-0.0000024693
-0.0000008703
0.0000012127
0.0000004829
-0.0000005919
-0.0000004239
-0.0000004941
-0.0000020950
-0.0000016456
0.0000004269
0.0000007581
-0.0000009687
-0.0000013134
0.0000007742
0.0000008969
-0.0000007311
-0.0000014393
-0.0000012703
-0.0000000277
0.0000014694
0.0000001592
-0.0000008577
-0.0000006528
-0.0000000323
-0.0000005286
-0.0000003793
0.0000007006
0.0000007471
-0.0000001770
0.0000013984
0.0000025072
0.0000021659
0.0000017967
-0.0000000243
-0.0000023789
-0.0000029945
0.0000000515
0.0000009473
0.0000000588
0.0000004604
0.0000006172
-0.0000001031
-0.0000005213
-0.0000009362
-0.0000009116
0.0000003656
0.0000001779
0.0000003878
-0.0000005876
-0.0000016737
-0.0000017712
-0.0000015019
0.0000002256
0.0000006623
-0.0000002882
-0.0000004501
0.0000008101
0.0000004067
-0.0000005168
-0.0000001319
0.0000000374
0.0000042138
0.0000057529
0.0000021650
0.0000008437
-0.0000000936
-0.0000001921
-0.0000002849
0.0000005287
0.0000008478
0.0000005850
0.0000001485
-0.0000000129
0.0000001423
0.0000005771
0.0000005360
0.0000024729
0.0000044435
0.0000022928
0.0000010034
-0.0000006002
-0.0000013843
-0.0000016233
-0.0000019452
-0.0000007336
0.0000007964
0.0000002100
-0.0000009307
-0.0000007338
-0.0000019876
-0.0000031486
-0.0000011111
-0.0000001260
-0.0000013982
-0.0000011691
0.0000006981
-0.0000000592
-0.0000025979
-0.0000006061
0.0000006961
0.0000002382
-0.0000008316
-0.0000014232
-0.0000018356
-0.0000020585
0.0000000387
0.0000019449
0.0000007936
-0.0000004505
-0.0000006061
-0.0000002821
0.0000004545
0.0000011116
0.0000038152
0.0000040201
-0.0000013688
-0.0000050510
-0.0000024400
0.0000012383
0.0000010445
0.0000003483
0.0000000560
-0.0000002554
-0.0000003460
-0.0000007868
0.0000003064
0.0000010539
-0.0000004333
-0.0000009915
0.0000001756
-0.0000003616
-0.0000012774
-0.0000009384
-0.0000014018
-0.0000015646
0.0000003193
0.0000022185
0.0000014964
-0.0000020786
-0.0000035941
-0.0000016711
0.0000010469
0.0000014261
0.0000011990
0.0000001787
-0.0000009626
-0.0000008092
-0.0000005113
-0.0000001875
0.0000000691
-0.0000000218
-0.0000000425
-0.0000007380
-0.0000019502
-0.0000010285
0.0000003381
0.0000003824
-0.0000003442
-0.0000005993
0.0000003807
0.0000004786
-0.0000001193
0.0000000176
0.0000008271
-0.0000003207
-0.0000028873
-0.0000035792
-0.0000012917
0.0000012664
0.0000013525
0.0000004076
-0.0000001706
-0.0000001719
0.0000003913
-0.0000009924
-0.0000016177
-0.0000004734
-0.0000004118
0.0000014198
0.0000032535
0.0000010258
-0.0000015575
-0.0000010242
0.0000005831
0.0000009556
0.0000007520
-0.0000000943
-0.0000013792
-0.0000011459
0.0000002740
0.0000013751
0.0000023061
0.0000023128
-0.0000014890
-0.0000023630
-0.0000028540
-0.0000023393
-0.0000002537
0.0000006309
-0.0000000348
-0.0000000031
-0.0000001094
0.0000000295
0.0000000487
-0.0000004898
0.0000002014
0.0000019516
0.0000018060
-0.0000004661
0.0000005778
0.0000010799
-0.0000014622
-0.0000015335
-0.0000003978
-0.0000013770
-0.0000014755
0.0000000302
0.0000022883
0.0000021473
-0.0000002015
-0.0000017527
0.0000005191
0.0000018448
-0.0000000166
-0.0000015593
-0.0000015715
-0.0000003674
-0.0000002488
-0.0000011242
-0.0000001469
0.0000008946
0.0000000464
-0.0000009345
-0.0000007945
-0.0000013272
-0.0000018509
-0.0000022958
-0.0000016504
0.0000007323
0.0000009656
0.0000003591
0.0000002693
0.0000001347
-0.0000002876
-0.0000002104
-0.0000008667
-0.0000001475
0.0000002805
0.0000003128
0.0000004588
0.0000012441
0.0000025567
0.0000012166
-0.0000007098
-0.0000028135
-0.0000007300
0.0000009085
0.0000015619
0.0000011359
-0.0000001737
-0.0000011101
-0.0000001118
0.0000002857
-0.0000002483
-0.0000002770
-0.0000002719
-0.0000016652
-0.0000007351
0.0000006778
0.0000004276
0.0000002150
0.0000001305
0.0000002265
-0.0000003568
-0.0000006224
0.0000006612
0.0000007619
0.0000007470
0.0000006193
-0.0000003498
-0.0000005143
0.0000000568
0.0000003843
-0.0000001267
-0.0000013644
-0.0000016054
-0.0000002893
0.0000007833
0.0000007092
0.0000002961
-0.0000007809
-0.0000009573
-0.0000005622
-0.0000004527
-0.0000006766
-0.0000004566
-0.0000004558
0.0000003978
0.0000015093
0.0000033220
0.0000026677
-0.0000010928
-0.0000011477
0.0000010127
0.0000009500
-0.0000001150
-0.0000010972
-0.0000013113
-0.0000001281
-0.0000003683
-0.0000009404
0.0000002796
0.0000018655
0.0000004160
0.0000005246
0.0000009918
0.0000001274
0.0000011393
0.0000007600
-0.0000003937
-0.0000005123
-0.0000015991
-0.0000021001
-0.0000015134
-0.0000009225
0.0000000943
0.0000003119
0.0000000026
-0.0000005875
-0.0000005962
0.0000000464
0.0000003188
0.0000005104
0.0000006908
0.0000000266
-0.0000003011
0.0000004299
0.0000004485
-0.0000016747
-0.0000018583
-0.0000016865
-0.0000014870
0.0000006254
0.0000015589
0.0000009038
0.0000003781
0.0000000705
0.0000005409
0.0000005321
-0.0000007495
-0.0000014425
-0.0000015336
-0.0000017366
-0.0000006794
0.0000002920
-0.0000000067
-0.0000000181
-0.0000002854
-0.0000000359
0.0000004802
-0.0000011957
-0.0000014253
-0.0000007164
0.0000000280
0.0000013620
0.0000006276
0.0000002659
0.0000004613
-0.0000001521
0.0000003597
0.0000015013
0.0000027498
0.0000015956
-0.0000002626
-0.0000004378
-0.0000001245
0.0000001021
0.0000003293
0.0000009553
-0.0000007640
-0.0000024110
-0.0000009316
0.0000012164
0.0000011601
-0.0000001599
-0.0000006530
-0.0000004515
0.0000001884
0.0000000363
-0.0000018074
-0.0000022444
-0.0000000557
0.0000010561
0.0000000218
-0.0000011582
-0.0000006364
0.0000003471
0.0000000122
-0.0000000910
-0.0000000562
-0.0000013147
-0.0000007190
0.0000002482
0.0000002225
0.0000004578
0.0000005833
-0.0000000760
-0.0000003183
0.0000002813
0.0000002371
0.0000000887
0.0000011519
0.0000010218
-0.0000007814
-0.0000006250
0.0000005134
0.0000002647
0.0000001815
-0.0000003783
-0.0000000127
0.0000005857
-0.0000021508
-0.0000021539
-0.0000009636
-0.0000011634
-0.0000005328
-0.0000002669
-0.0000001160
-0.0000000355
0.0000000019
-0.0000001011
0.0000012833
0.0000013463
-0.0000009555
-0.0000010085
-0.0000007698
-0.0000004763
0.0000003073
0.0000000199
0.0000001820
-0.0000000041
0.0000000899
0.0000004678
-0.0000000659
-0.0000000631
0.0000008802
0.0000015965
0.0000001408
-0.0000016104
-0.0000014725
-0.0000016954
-0.0000015757
0.0000002779
0.0000002594
-0.0000008021
-0.0000000610
0.0000012430
0.0000004738
0.0000018444
0.0000025665
-0.0000003669
0.0000001763
0.0000031945
0.0000030371
0.0000003170
-0.0000002173
0.0000000372
0.0000000615
-0.0000002129
-0.0000010834
0.0000000113
0.0000019106
0.0000007502
0.0000002028
0.0000000768
0.0000002740
0.0000005395
0.0000011349
0.0000019048
0.0000008044
-0.0000006471
-0.0000002466
0.0000017290
0.0000007720
-0.0000008640
-0.0000005204
0.0000004366
0.0000007516
0.0000003530
-0.0000004601
-0.0000006608
-0.0000003920
-0.0000009393
-0.0000016581
-0.0000029259
-0.0000036092
-0.0000005127
0.0000023742
0.0000012106
-0.0000001625
-0.0000000856
0.0000004124
0.0000002119
-0.0000004650
-0.0000001078
0.0000008986
0.0000013830
-0.0000003096
-0.0000011803
-0.0000005088
-0.0000001102
0.0000004582
0.0000001300
0.0000000949
-0.0000002088
-0.0000005386
0.0000004027
-0.0000008939
-0.0000029766
-0.0000019006
-0.0000000823
0.0000012418
0.0000015258
0.0000008079
-0.0000009854
-0.0000029018
-0.0000028586
0.0000013436
0.0000026652
-0.0000007945
-0.0000010501
0.0000004808
0.0000000314
-0.0000005940
-0.0000002113
-0.0000022209
-0.0000031269
0.0000003038
0.0000026517
0.0000015601
0.0000004226
0.0000006329
-0.0000004500
-0.0000002750
0.0000007529
0.0000001573
-0.0000004341
0.0000004994
0.0000011265
-0.0000005465
-0.0000013400
-0.0000004642
0.0000007833
0.0000003174
-0.0000001104
-0.0000007766
-0.0000002743
0.0000034744
0.0000030113
-0.0000008613
-0.0000013973
-0.0000000905
0.0000000080
-0.0000002107
0.0000003471
0.0000003953
-0.0000012112
-0.0000014125
0.0000003473
0.0000005507
-0.0000001325
-0.0000006006
-0.0000005596
-0.0000007691
-0.0000003382
0.0000012661
0.0000012791
-0.0000003834
-0.0000019013
-0.0000026613
-0.0000014051
0.0000006129
0.0000005151
-0.0000009279
-0.0000006632
0.0000009904
0.0000007326
-0.0000002076
-0.0000000373
0.0000000733
-0.0000003768
-0.0000004209
-0.0000007606
0.0000001979
0.0000045908
0.0000060778
0.0000017352
-0.0000016544
-0.0000014579
-0.0000006499
0.0000004510
0.0000011421
-0.0000000423
-0.0000015286
-0.0000006302
-0.0000002086
-0.0000010271
-0.0000011172
0.0000009393
-0.0000004036
-0.0000032096
-0.0000008693
0.0000016367
0.0000003254
-0.0000014858
-0.0000011952
0.0000007706
0.0000023833
0.0000009435
-0.0000014527
0.0000000881
0.0000008355
0.0000000508
0.0000001775
-0.0000000455
-0.0000012520
0.0000000711
0.0000025298
0.0000029971
0.0000026035
0.0000016781
-0.0000010327
-0.0000025564
-0.0000000601
0.0000006679
-0.0000005630
-0.0000006162
0.0000003579
0.0000005140
0.0000019175
0.0000014168
-0.0000006887
-0.0000007577
-0.0000000950
0.0000004947
-0.0000001142
-0.0000010091
-0.0000003897
0.0000000982
0.0000001201
0.0000000842
-0.0000001238
-0.0000010750
-0.0000010442
0.0000006158
0.0000002752
-0.0000011931
-0.0000015015
0.0000001390
0.0000029489
0.0000032601
0.0000042198
0.0000037108
-0.0000007280
-0.0000021768
-0.0000008861
0.0000022078
0.0000018501
-0.0000019619
-0.0000035878
-0.0000014445
0.0000004423
0.0000009041
0.0000014372
0.0000006497
0.0000002966
0.0000000058
-0.0000001114
0.0000000970
0.0000015324
0.0000046984
0.0000051035
0.0000024089
-0.0000004872
-0.0000008849
-0.0000000557
-0.0000001988
0.0000001490
-0.0000002768
-0.0000015138
0.0000003266
0.0000006007
-0.0000003106
-0.0000006072
-0.0000015750
-0.0000011865
-0.0000000299
0.0000001386
0.0000000274
-0.0000000385
0.0000000539
-0.0000001042
-0.0000004660
0.0000001065
0.0000010128
-0.0000001827
-0.0000000881
0.0000006609
0.0000004032
0.0000006954
0.0000014711
0.0000016952
0.0000023360
0.0000026916
0.0000020771
0.0000005227
-0.0000003629
-0.0000006110
0.0000008277
0.0000027030
0.0000013720
-0.0000004771
-0.0000000251
0.0000007977
-0.0000007756
-0.0000016956
0.0000004666
0.0000005400
0.0000008455
0.0000020759
-0.0000008351
-0.0000027491
-0.0000005998
0.0000015446
0.0000018484
0.0000014273
0.0000012528
0.0000002679
-0.0000000753
0.0000007297
0.0000004415
0.0000010539
0.0000020863
0.0000012854
-0.0000004964
-0.0000016103
-0.0000008843
-0.0000000703
0.0000005790
0.0000011589
0.0000030541
0.0000020856
-0.0000018322
0.0000000758
0.0000001897
0.0000009959
0.0000013226
-0.0000005099
-0.0000015799
-0.0000009619
-0.0000003759
-0.0000000305
-0.0000001289
-0.0000000182
0.0000018006
0.0000022441
0.0000001897
-0.0000001140
0.0000000612
0.0000003347
0.0000007089
0.0000011852
0.0000012077
0.0000013973
0.0000020285
-0.0000003159
-0.0000021818
-0.0000023139
-0.0000032469
-0.0000017912
0.0000004727
0.0000008065
0.0000011943
0.0000002142
-0.0000016330
-0.0000015120
0.0000025260
0.0000022233
-0.0000012788
-0.0000009883
0.0000017111
0.0000019783
0.0000002049
-0.0000007549
-0.0000004167
-0.0000000427
0.0000000589
0.0000007571
0.0000014689
0.0000006240
-0.0000006321
-0.0000011351
-0.0000013929
-0.0000001756
0.0000023673
0.0000016696
-0.0000005182
-0.0000003244
0.0000005936
-0.0000004746
-0.0000008179
0.0000001873
0.0000001533
-0.0000005240
-0.0000001624
0.0000011642
0.0000009686
-0.0000003805
-0.0000011056
0.0000000825
0.0000007179
0.0000002449
0.0000001757
0.0000002785
0.0000003203
0.0000004641
-0.0000000071
0.0000001577
0.0000015048
0.0000023496
0.0000021036
-0.0000005649
-0.0000011257
0.0000008315
0.0000013965
-0.0000006946
-0.0000023875
-0.0000020478
-0.0000006822
-0.0000006731
0.0000004534
0.0000012092
0.0000005168
-0.0000010767
-0.0000013652
-0.0000010166
-0.0000019584
-0.0000014416
0.0000000223
0.0000009036
0.0000018065
0.0000030068
0.0000010766
-0.0000025669
-0.0000019031
-0.0000002751
0.0000001774
-0.0000002198
0.0000002276
0.0000013525
0.0000012257
0.0000001446
-0.0000006470
0.0000000106
0.0000001529
0.0000003019
0.0000002631
0.0000003350
0.0000002588
-0.0000015643
-0.0000019800
-0.0000011724
-0.0000013206
-0.0000011874
-0.0000000926
-0.0000012918
0.0000002297
0.0000063584
0.0000057462
-0.0000002276
-0.0000016794
-0.0000001439
0.0000007942
-0.0000003126
-0.0000005501
-0.0000005224
-0.0000007491
-0.0000006684
-0.0000000943
0.0000013232
0.0000003540
-0.0000010750
-0.0000005637
-0.0000001844
-0.0000002093
-0.0000002827
-0.0000006128
-0.0000000900
-0.0000004360
-0.0000002820
0.0000006798
0.0000032574
0.0000028820
-0.0000013602
-0.0000012849
0.0000017099
-0.0000002990
-0.0000010590
0.0000008147
0.0000003168
-0.0000004494
0.0000000943
0.0000012326
0.0000013647
0.0000008313
-0.0000006916
-0.0000017313
-0.0000018980
-0.0000037461
-0.0000018309
0.0000021868
0.0000022051
0.0000012404
0.0000023940
0.0000019676
0.0000001804
-0.0000002203
0.0000007650
0.0000022330
0.0000017083
0.0000004639
0.0000000115
-0.0000019025
-0.0000019200
-0.0000014845
-0.0000007092
0.0000003144
0.0000003729
-0.0000003190
-0.0000001618
0.0000009204
0.0000008993
0.0000007842
0.0000017953
0.0000016140
0.0000014734
0.0000027595
0.0000012645
0.0000002960
0.0000013986
0.0000002686
-0.0000004828
0.0000002983
0.0000005401
0.0000021530
0.0000028742
0.0000022454
-0.0000007949
-0.0000020965
-0.0000007070
0.0000009732
0.0000017850
0.0000021940
0.0000014402
0.0000007161
0.0000004384
0.0000003730
0.0000005997
0.0000001625
-0.0000002127
-0.0000000677
-0.0000001505
0.0000000873
0.0000001915
0.0000005377
0.0000022677
0.0000025573
0.0000009709
-0.0000003875
-0.0000006352
-0.0000001576
0.0000002847
0.0000003634
-0.0000000185
0.0000001728
0.0000005293
0.0000005342
-0.0000013134
-0.0000010702
0.0000021133
0.0000005816
-0.0000021410
-0.0000017909
-0.0000019229
0.0000010787
0.0000040894
0.0000030133
0.0000024209
0.0000010420
0.0000002178
-0.0000000665
0.0000001347
0.0000002084
0.0000006273
0.0000011621
-0.0000001148
-0.0000032165
-0.0000000646
0.0000033003
0.0000015296
0.0000009713
0.0000001962
0.0000002287
-0.0000003320
-0.0000006841
-0.0000002676
-0.0000004698
-0.0000007306
0.0000005375
0.0000009586
0.0000008334
-0.0000000960
-0.0000009038
0.0000000735
0.0000010882
0.0000007451
0.0000004186
-0.0000002501
-0.0000005894
-0.0000004906
-0.0000006341
0.0000003297
0.0000005705
0.0000005943
0.0000013285
0.0000009147
-0.0000012435
-0.0000027466
-0.0000018243
-0.0000020393
-0.0000024229
-0.0000004540
-0.0000001563
-0.0000001410
-0.0000009511
-0.0000018470
-0.0000018224
-0.0000007458
0.0000017606
0.0000020986
-0.0000011809
-0.0000031149
-0.0000011744
-0.0000010898
-0.0000005617
0.0000008507
0.0000009032
0.0000002078
-0.0000011638
-0.0000017316
-0.0000005572
0.0000001071
-0.0000004254
-0.0000002893
-0.0000002548
-0.0000005695
-0.0000006060
-0.0000002182
-0.0000001043
0.0000000350
-0.0000001581
-0.0000010402
-0.0000005922
-0.0000000907
-0.0000001062
-0.0000002136
-0.0000007730
-0.0000000344
0.0000021523
0.0000008484
-0.0000006962
-0.0000003843
-0.0000000129
0.0000001367
-0.0000002207
0.0000011794
0.0000030684
0.0000023717
0.0000012427
0.0000008872
0.0000001382
-0.0000007338
-0.0000009259
-0.0000008727
-0.0000008745
-0.0000008016
0.0000004107
0.0000013865
0.0000008492
0.0000005741
0.0000009739
0.0000018308
0.0000021158
0.0000009303
-0.0000007877
-0.0000013472
-0.0000015550
-0.0000004686
0.0000010773
0.0000008323
0.0000000934
-0.0000006179
-0.0000002512
0.0000004801
0.0000006220
0.0000002991
0.0000001518
0.0000005589
0.0000001268
-0.0000008853
-0.0000024453
-0.0000021759
-0.0000002190
0.0000002591
-0.0000000917
0.0000000557
0.0000000078
-0.0000007438
-0.0000007285
0.0000003499
0.0000005311
-0.0000009624
-0.0000029677
-0.0000020639
0.0000013244
0.0000021023
0.0000005752
0.0000003650
0.0000007822
0.0000011983
0.0000002770
-0.0000005439
0.0000002876
0.0000010889
0.0000024757
0.0000005311
-0.0000011838
0.0000011147
0.0000012121
0.0000005951
0.0000021176
0.0000015921
-0.0000000969
-0.0000002397
0.0000006676
0.0000003341
-0.0000014003
-0.0000016954
-0.0000002495
0.0000003249
0.0000003132
0.0000001828
0.0000003952
0.0000006856
0.0000005953
0.0000005344
0.0000016450
0.0000008336
-0.0000007800
-0.0000007653
-0.0000003944
0.0000002198
-0.0000002872
-0.0000003082
0.0000027633
0.0000034932
0.0000028825
0.0000022431
0.0000001199
-0.0000004796
-0.0000000829
-0.0000003863
-0.0000018161
-0.0000007531
0.0000010872
0.0000021080
0.0000005087
-0.0000028837
-0.0000032597
-0.0000005373
0.0000008603
0.0000004417
-0.0000005612
0.0000000972
0.0000000982
-0.0000002467
-0.0000001491
0.0000002400
0.0000002441
0.0000003660
0.0000007530
0.0000017453
0.0000001499
-0.0000008076
0.0000014085
0.0000009009
0.0000004730
0.0000010294
0.0000002141
-0.0000007388
-0.0000008999
0.0000001945
0.0000001132
-0.0000007080
-0.0000014650
-0.0000033037
-0.0000011110
0.0000007766
0.0000003083
0.0000004659
0.0000001796
0.0000024408
0.0000013304
-0.0000009598
-0.0000002457
-0.0000003163
-0.0000001428
0.0000005064
0.0000009418
-0.0000002796
-0.0000020190
-0.0000027424
-0.0000021033
-0.0000027458
-0.0000024080
-0.0000009511
0.0000002881
0.0000008527
-0.0000010492
-0.0000029855
-0.0000015258
0.0000009932
0.0000013276
0.0000002148
-0.0000020175
-0.0000014776
-0.0000000215
0.0000002093
0.0000003123
-0.0000002428
-0.0000010292
0.0000006062
0.0000012597
-0.0000022872
-0.0000026613
0.0000013683
0.0000023754
-0.0000006228
-0.0000008641
0.0000003635
0.0000005611
-0.0000013789
-0.0000026247
-0.0000006260
0.0000002524
-0.0000001450
-0.0000011881
-0.0000008780
0.0000006940
0.0000017461
0.0000009657
-0.0000003479
0.0000007394
0.0000015026
0.0000008582
0.0000009941
0.0000016985
0.0000028680
-0.0000004242
-0.0000027107
-0.0000004017
0.0000002692
-0.0000002541
0.0000008871
0.0000025718
0.0000036156
0.0000020457
-0.0000009923
-0.0000023903
-0.0000024756
-0.0000005776
0.0000018107
0.0000023179
0.0000000071
-0.0000014990
0.0000002460
0.0000010048
-0.0000007507
-0.0000006770
0.0000003939
0.0000002387
-0.0000002636
-0.0000012582
-0.0000007860
0.0000010572
0.0000016687
-0.0000001112
-0.0000015103
-0.0000020461
0.0000002070
0.0000019510
0.0000009087
-0.0000010942
-0.0000003453
0.0000012317
0.0000005123
-0.0000004850
-0.0000005770
-0.0000005927
0.0000004897
0.0000002139
-0.0000002557
0.0000000707
0.0000000957
0.0000014043
0.0000020539
0.0000009367
0.0000009076
0.0000003237
-0.0000005645
-0.0000006404
-0.0000000302
0.0000013366
0.0000002873
-0.0000016709
-0.0000009912
-0.0000016185
-0.0000012152
-0.0000000995
-0.0000033767
-0.0000049755
-0.0000041082
-0.0000002580
-0.0000008187
-0.0000013521
-0.0000005753
0.0000002386
-0.0000000151
-0.0000008690
-0.0000008226
0.0000000014
0.0000004334
0.0000002573
-0.0000001921
0.0000001319
0.0000010058
0.0000018290
0.0000014103
0.0000000455
-0.0000017091
-0.0000004385
-0.0000002612
-0.0000004098
0.0000006162
0.0000015662
0.0000020735
-0.0000006334
-0.0000025675
-0.0000016569
-0.0000023413
-0.0000017027
-0.0000002513
0.0000006995
0.0000007839
-0.0000007827
0.0000003266
0.0000031523
0.0000013195
-0.0000001664
0.0000001988
0.0000006266
0.0000005788
-0.0000002093
-0.0000002280
0.0000002220
-0.0000006472
-0.0000023920
-0.0000019384
0.0000007238
0.0000016528
0.0000005838
0.0000008076
0.0000018896
0.0000025072
0.0000011414
-0.0000002344
-0.0000018315
-0.0000031407
-0.0000039740
-0.0000047056
-0.0000025636
-0.0000006064
-0.0000013461
-0.0000018104
0.0000000406
0.0000015746
0.0000014600
0.0000010464
0.0000003503
0.0000003652
-0.0000003438
-0.0000009378
0.0000002567
0.0000019579
0.0000003954
0.0000002319
0.0000001696
-0.0000006556
-0.0000008220
-0.0000010518
-0.0000001524
0.0000010264
0.0000004823
-0.0000002239
0.0000000670
0.0000003461
-0.0000007777
-0.0000027440
-0.0000031564
-0.0000022074
-0.0000004794
0.0000000854
0.0000000203
0.0000001247
0.0000002828
-0.0000005472
0.0000002425
0.0000016630
-0.0000004818
-0.0000019794
-0.0000005605
-0.0000009753
-0.0000006272
-0.0000003191
-0.0000000791
0.0000001025
-0.0000001955
-0.0000011089
-0.0000018089
-0.0000011737
-0.0000001017
0.0000000661
-0.0000001090
0.0000002138
0.0000000838
0.0000001016
0.0000001463
0.0000000449
-0.0000001598
-0.0000001522
0.0000000232
0.0000000399
-0.0000005739
-0.0000009328
-0.0000006602
-0.0000010214
-0.0000007228
-0.0000000691
0.0000006921
0.0000028232
0.0000034228
0.0000004006
0.0000004546
-0.0000001357
-0.0000009645
0.0000000092
0.0000005253
0.0000000249
0.0000000937
-0.0000001815
-0.0000004575
0.0000001314
0.0000007307
0.0000004220
0.0000018447
0.0000027514
0.0000019800
0.0000014775
-0.0000006841
-0.0000010275
-0.0000002843
0.0000004598
0.0000003338
-0.0000000952
0.0000004476
0.0000004970
0.0000017063
0.0000031195
0.0000019000
0.0000024442
0.0000021094
0.0000007373
0.0000006962
0.0000003584
0.0000005069
0.0000008860
-0.0000002867
-0.0000018723
-0.0000016633
0.0000002737
0.0000001850
-0.0000013898
-0.0000004563
0.0000012550
0.0000018146
0.0000020878
0.0000001047
-0.0000012114
-0.0000009764
-0.0000007719
0.0000009250
0.0000007871
-0.0000019383
-0.0000023781
-0.0000013348
-0.0000000311
0.0000004657
0.0000012108
0.0000014716
-0.0000025382
-0.0000050666
-0.0000025847
-0.0000011978
0.0000006185
0.0000012075
0.0000002410
-0.0000005965
-0.0000004097
-0.0000000033
0.0000001621
0.0000001941
0.0000005698
0.0000006917
-0.0000000266
-0.0000008705
-0.0000002715
0.0000006731
0.0000002400
-0.0000007619
-0.0000004622
-0.0000004020
0.0000003343
0.0000010683
0.0000003092
-0.0000016635
-0.0000007417
0.0000006399
0.0000000888
0.0000005224
0.0000010991
0.0000002470
-0.0000010268
-0.0000015147
-0.0000018168
-0.0000006226
0.0000008749
0.0000009935
-0.0000003736
-0.0000015094
0.0000009034
0.0000032201
0.0000007802
-0.0000006302
-0.0000004146
0.0000003549
-0.0000002890
-0.0000019497
-0.0000010470
-0.0000001059
-0.0000000019
-0.0000004116
-0.0000005163
0.0000009276
0.0000015852
-0.0000015546
-0.0000040967
-0.0000040389
-0.0000021870
-0.0000002205
0.0000005174
-0.0000000443
-0.0000008541
-0.0000014186
-0.0000013076
0.0000000057
0.0000006565
-0.0000001190
0.0000008320
0.0000018068
0.0000007351
-0.0000000585
-0.0000000091
0.0000004240
0.0000009538
0.0000002912
-0.0000017517
-0.0000017120
0.0000003290
-0.0000001592
-0.0000011163
-0.0000011004
-0.0000003748
-0.0000008613
-0.0000016914
-0.0000014688
-0.0000007305
0.0000005369
0.0000003296
-0.0000000536
-0.0000003531
-0.0000006283
-0.0000003164
-0.0000010303
-0.0000031625
-0.0000021320
0.0000004840
0.0000021617
0.0000007886
-0.0000003286
0.0000007410
0.0000002445
-0.0000030990
-0.0000048617
0.0000006793
0.0000029369
-0.0000010819
-0.0000015756
0.0000013619
0.0000014189
0.0000001647
0.0000004943
0.0000014070
0.0000012443
0.0000000076
-0.0000001530
-0.0000002843
-0.0000002989
-0.0000001267
0.0000001175
0.0000001385
0.0000005372
0.0000008604
-0.0000001916
0.0000001322
0.0000002877
0.0000002249
0.0000003204
-0.0000005168
0.0000002701
0.0000003232
-0.0000001133
-0.0000010031
-0.0000005799
-0.0000001090
0.0000005444
0.0000007235
0.0000001874
-0.0000009617
-0.0000007233
-0.0000006345
-0.0000004409
0.0000002547
0.0000004201
0.0000002005
-0.0000001118
0.0000010305
0.0000022605
0.0000025057
0.0000008230
-0.0000012357
-0.0000011513
-0.0000000699
-0.0000011807
-0.0000014699
0.0000001457
0.0000003100
-0.0000003492
-0.0000003056
-0.0000013104
-0.0000010202
0.0000001291
0.0000006364
0.0000011089
0.0000007416
-0.0000008611
-0.0000012338
-0.0000010114
-0.0000009909
0.0000000116
-0.0000001632
-0.0000010429
0.0000000022
0.0000017788
0.0000012534
0.0000000886
-0.0000005071
-0.0000008361
-0.0000010144
-0.0000002273
0.0000012560
0.0000006640
-0.0000018966
0.0000012330
0.0000037027
0.0000007168
-0.0000023766
-0.0000022502
-0.0000021358
-0.0000017721
0.0000002152
0.0000024694
0.0000022241
0.0000001241
-0.0000018236
0.0000010077
0.0000035616
0.0000026569
0.0000005387
-0.0000004875
-0.0000006659
-0.0000007962
0.0000000083
0.0000017041
0.0000021520
0.0000026563
0.0000018743
-0.0000003359
-0.0000017414
-0.0000009621
-0.0000023822
-0.0000034862
-0.0000025660
-0.0000004839
0.0000011397
0.0000011660
-0.0000002235
-0.0000015716
-0.0000016063
-0.0000023872
-0.0000016393
0.0000007820
0.0000021658
0.0000020113
0.0000001009
-0.0000032661
-0.0000042673
-0.0000030550
0.0000001832
0.0000013358
0.0000000038
-0.0000002224
-0.0000002771
-0.0000006966
-0.0000003400
0.0000000901
0.0000000414
-0.0000003349
-0.0000004648
-0.0000014531
-0.0000010370
-0.0000001570
-0.0000000115
-0.0000006127
-0.0000012769
-0.0000008592
-0.0000000094
-0.0000003825
-0.0000009643
0.0000003768
0.0000003958
0.0000003104
-0.0000004160
0.0000001421
0.0000002564
0.0000002096
0.0000001144
0.0000002165
0.0000000044
-0.0000006645
-0.0000011282
-0.0000019291
-0.0000040952
-0.0000040436
-0.0000018521
0.0000011406
0.0000012795
0.0000012452
-0.0000001381
-0.0000009410
-0.0000010000
-0.0000015441
-0.0000001020
0.0000010525
0.0000002092
-0.0000010499
-0.0000010077
0.0000014330
0.0000018869
-0.0000002619
-0.0000016718
-0.0000023688
-0.0000038780
-0.0000009122
0.0000020088
0.0000021729
-0.0000001187
-0.0000012185
-0.0000006214
-0.0000001854
-0.0000002492
-0.0000002452
0.0000014695
0.0000011041
-0.0000016288
-0.0000017228
0.0000001969
0.0000016890
0.0000018726
0.0000021899
0.0000013117
-0.0000006018
-0.0000009773
-0.0000002410
0.0000011478
0.0000022230
0.0000005939
-0.0000014634
-0.0000009978
-0.0000003350
-0.0000001601
0.0000000210
-0.0000005796
-0.0000010484
-0.0000011586
-0.0000010926
-0.0000002652
0.0000000622
-0.0000001227
0.0000003655
0.0000008117
0.0000008138
0.0000009650
0.0000002026
0.0000000322
-0.0000001140
0.0000001868
0.0000013057
0.0000011024
-0.0000007787
-0.0000003548
0.0000001878
-0.0000000765
-0.0000001403
0.0000002554
-0.0000006747
-0.0000013305
-0.0000007548
-0.0000005985
-0.0000000443
-0.0000000371
0.0000001421
0.0000002847
0.0000009775
-0.0000002719
-0.0000019573
-0.0000008578
0.0000008426
0.0000006695
-0.0000015518
-0.0000020872
0.0000001695
0.0000007460
0.0000002761
-0.0000001899
-0.0000000655
-0.0000002987
0.0000000749
0.0000015780
0.0000013767
-0.0000000597
0.0000000820
0.0000000720
-0.0000003804
-0.0000001165
-0.0000000726
-0.0000002242
-0.0000004539
-0.0000010068
0.0000001238
-0.0000007830
-0.0000008059
-0.0000007846
-0.0000009687
-0.0000000885
0.0000006624
0.0000010589
0.0000024838
0.0000000646
0.0000000538
0.0000013872
0.0000004942
0.0000001362
-0.0000005534
-0.0000019613
-0.0000020804
-0.0000009661
-0.0000005315
-0.0000000972
0.0000002395
0.0000005250
0.0000007543
-0.0000003319
-0.0000015691
-0.0000004830
0.0000009209
0.0000002429
-0.0000001518
0.0000002354
-0.0000016303
-0.0000023545
-0.0000020489
-0.0000029592
0.0000000115
0.0000031040
0.0000020169
0.0000002271
-0.0000020364
-0.0000033154
-0.0000017999
0.0000000474
0.0000002474
0.0000000834
-0.0000009745
-0.0000029115
-0.0000018775
0.0000001344
0.0000000320
-0.0000007340
-0.0000003604
0.0000004120
0.0000002499
0.0000002581
0.0000004166
0.0000000066
-0.0000002774
0.0000005564
0.0000004756
-0.0000006446
-0.0000017590
-0.0000023750
-0.0000012026
0.0000001614
0.0000006074
-0.0000012787
-0.0000033789
-0.0000018992
0.0000006604
0.0000018052
0.0000010502
-0.0000003577
-0.0000006274
0.0000007332
0.0000000944
-0.0000023648
-0.0000018514
0.0000026022
0.0000045437
0.0000015647
-0.0000011257
0.0000003303
0.0000007825
0.0000006727
-0.0000001641
-0.0000011573
-0.0000007708
-0.0000001205
-0.0000011629
-0.0000015840
-0.0000004183
0.0000006209
-0.0000001139
-0.0000019532
-0.0000015081
-0.0000017113
-0.0000042508
-0.0000031721
-0.0000003851
0.0000020161
0.0000008465
-0.0000022267
-0.0000033021
0.0000002635
0.0000038037
0.0000023467
-0.0000015458
-0.0000037915
-0.0000012302
0.0000033223
0.0000037244
0.0000023359
-0.0000000510
-0.0000014173
-0.0000004789
0.0000004528
0.0000004120
0.0000000661
-0.0000000996
-0.0000002123
-0.0000000025
0.0000015469
0.0000018935
0.0000019537
0.0000025484
0.0000016990
0.0000020682
0.0000010780
0.0000013314
0.0000021600
0.0000011381
0.0000013618
0.0000010859
-0.0000001277
-0.0000005700
-0.0000002169
-0.0000002759
-0.0000010971
-0.0000002668
0.0000011523
0.0000004026
-0.0000016206
-0.0000016522
0.0000008273
0.0000011248
0.0000005424
0.0000005293
-0.0000004765
-0.0000011922
-0.0000009106
-0.0000005320
-0.0000004566
-0.0000003372
-0.0000015958
-0.0000031742
-0.0000013946
-0.0000008665
-0.0000015535
0.0000016986
0.0000036222
0.0000006806
-0.0000010289
-0.0000004345
0.0000003306
0.0000001432
-0.0000003265
-0.0000000349
-0.0000006029
-0.0000015500
-0.0000021781
-0.0000012214
-0.0000009644
-0.0000005160
-0.0000001398
-0.0000007144
-0.0000009744
-0.0000007032
-0.0000008489
-0.0000003326
-0.0000003138
-0.0000010618
-0.0000011767
-0.0000012750
-0.0000008247
-0.0000002906
0.0000001956
-0.0000001159
-0.0000013375
-0.0000027202
-0.0000026604
0.0000001391
0.0000018738
0.0000010714
-0.0000015009
-0.0000017324
0.0000001222
0.0000004604
-0.0000007724
-0.0000023679
-0.0000019804
-0.0000003219
0.0000005877
0.0000002592
0.0000001530
0.0000000786
0.0000001295
0.0000003010
0.0000003900
0.0000000863
0.0000005140
0.0000014200
0.0000004016
-0.0000002512
-0.0000000573
-0.0000004761
-0.0000008283
-0.0000018074
-0.0000019266
-0.0000015036
0.0000006900
0.0000010437
-0.0000010477
-0.0000013975
-0.0000009193
-0.0000029941
-0.0000026188
0.0000005265
0.0000022939
0.0000016179
0.0000010500
-0.0000000078
-0.0000004532
-0.0000008103
-0.0000010702
0.0000007752
0.0000011401
0.0000005326
0.0000000150
0.0000000131
0.0000005192
0.0000001278
-0.0000004722
-0.0000005383
-0.0000008802
0.0000010187
0.0000014124
-0.0000005234
-0.0000016732
-0.0000008346
0.0000000131
0.0000005745
-0.0000001794
-0.0000003584
0.0000005885
0.0000003662
0.0000001108
0.0000004786
0.0000009381
-0.0000007929
-0.0000014911
0.0000019787
0.0000015297
-0.0000010656
-0.0000013270
-0.0000005026
-0.0000002320
-0.0000000147
-0.0000000800
0.0000003315
-0.0000012697
-0.0000016893
-0.0000029988
-0.0000047874
-0.0000013714
0.0000009221
0.0000004383
0.0000003905
0.0000005059
0.0000002632
-0.0000000907
-0.0000001013
0.0000001667
0.0000008539
0.0000010030
0.0000005157
0.0000005196
-0.0000003073
-0.0000001813
-0.0000000022
0.0000000678
0.0000001447
-0.0000000866
-0.0000001119
-0.0000000247
-0.0000001261
0.0000002903
-0.0000009631
-0.0000011392
0.0000007675
0.0000004721
0.0000000185
0.0000000702
-0.0000000317
-0.0000006126
0.0000000700
0.0000003680
-0.0000010342
-0.0000021887
-0.0000017555
0.0000008050
0.0000011564
0.0000000749
0.0000000281
0.0000009933
0.0000006158
-0.0000003042
-0.0000000292
0.0000005795
0.0000005484
-0.0000000987
-0.0000000370
0.0000003952
0.0000005801
0.0000002996
-0.0000000461
-0.0000000397
-0.0000017654
-0.0000034807
-0.0000021118
0.0000006344
0.0000019057
0.0000008196
-0.0000011650
-0.0000001923
0.0000014656
0.0000008102
-0.0000014544
-0.0000017206
-0.0000001306
0.0000004559
-0.0000002113
0.0000000335
0.0000012205
0.0000020616
0.0000029780
0.0000023775
0.0000007776
-0.0000002061
0.0000001492
0.0000004042
-0.0000003307
-0.0000007001
-0.0000006287
-0.0000016467
-0.0000017688
-0.0000016828
-0.0000004002
0.0000006196
-0.0000002716
-0.0000003808
-0.0000005419
0.0000014809
0.0000007333
-0.0000010871
-0.0000007712
-0.0000002495
-0.0000003726
-0.0000001573
0.0000003300
0.0000005827
0.0000017238
0.0000013353
0.0000018819
0.0000020682
0.0000014181
-0.0000010136
-0.0000010270
0.0000002590
0.0000000485
-0.0000000995
0.0000000093
-0.0000008337
-0.0000009252
-0.0000006912
-0.0000015898
-0.0000022828
-0.0000012790
0.0000019856
0.0000022346
0.0000000037
0.0000021119
0.0000018427
-0.0000018685
-0.0000017841
0.0000004363
0.0000012154
0.0000006031
-0.0000000650
-0.0000011856
-0.0000013777
0.0000008837
0.0000014916
0.0000007516
-0.0000004039
-0.0000008583
-0.0000005183
-0.0000005878
-0.0000005819
0.0000005134
0.0000011935
0.0000001890
0.0000000096
-0.0000000869
-0.0000001799
-0.0000002091
-0.0000000769
0.0000002778
-0.0000000815
-0.0000001736
0.0000000609
0.0000001033
0.0000003428
0.0000002632
0.0000003745
0.0000004663
-0.0000011985
-0.0000035870
-0.0000042282
-0.0000018032
0.0000002307
0.0000004578
0.0000003567
0.0000004444
-0.0000001820
-0.0000001806
-0.0000003974
-0.0000001489
-0.0000003017
-0.0000004024
-0.0000004486
-0.0000007574
-0.0000005404
-0.0000004487
-0.0000001631
-0.0000002008
-0.0000004825
-0.0000001795
0.0000008746
0.0000007551
0.0000003729
0.0000009999
0.0000000465
-0.0000007955
0.0000006371
0.0000013666
-0.0000023115
-0.0000038944
-0.0000012375
0.0000006964
0.0000006997
-0.0000000936
-0.0000007144
-0.0000003438
0.0000002085
-0.0000007907
-0.0000008939
-0.0000002904
0.0000002857
0.0000003993
0.0000009074
0.0000018533
0.0000014413
0.0000009939
-0.0000004762
-0.0000002711
0.0000000397
0.0000000300
0.0000005139
0.0000016265
-0.0000008130
-0.0000028849
-0.0000025640
-0.0000013935
-0.0000007517
0.0000005460
0.0000011880
0.0000007445
-0.0000011901
0.0000000142
0.0000024333
0.0000014144
-0.0000000011
0.0000013664
0.0000021961
-0.0000004890
-0.0000023343
-0.0000020051
-0.0000010669
0.0000001232
0.0000004969
-0.0000004194
-0.0000024540
-0.0000042340
-0.0000037081
-0.0000014517
-0.0000005368
0.0000000139
0.0000000322
-0.0000002484
-0.0000002157
-0.0000008495
-0.0000017558
-0.0000011396
-0.0000007090
0.0000002873
0.0000010283
0.0000015820
-0.0000002951
-0.0000013124
-0.0000001108
0.0000001209
-0.0000001933
-0.0000002182
-0.0000003234
0.0000001744
0.0000004379
0.0000008868
0.0000012290
0.0000002396
-0.0000000307
0.0000002758
0.0000002963
0.0000001944
0.0000003216
0.0000001988
0.0000003248
-0.0000005284
-0.0000006582
-0.0000001737
0.0000003809
0.0000006845
0.0000000752
-0.0000003563
-0.0000006928
-0.0000021904
-0.0000041905
-0.0000001514
0.0000043908
0.0000009326
-0.0000019021
-0.0000005574
0.0000001064
0.0000001915
0.0000003903
0.0000012326
0.0000020267
0.0000002619
-0.0000012853
-0.0000011656
0.0000006175
0.0000022950
0.0000018904
0.0000002718
-0.0000010401
-0.0000010648
-0.0000002204
0.0000007688
0.0000002931
-0.0000006166
0.0000006619
0.0000012026
0.0000009795
0.0000009315
0.0000003672
-0.0000008172
-0.0000010462
-0.0000014351
-0.0000005233
0.0000019231
0.0000023249
0.0000010540
0.0000004444
0.0000006000
0.0000004544
0.0000001316
0.0000003393
0.0000001821
0.0000001126
0.0000019302
0.0000029365
0.0000002524
-0.0000024403
-0.0000008912
0.0000006545
-0.0000004657
-0.0000014804
0.0000009518
0.0000026654
0.0000010317
0.0000002059
0.0000000879
0.0000001772
0.0000003287
-0.0000004309
0.0000004411
0.0000009241
0.0000008521
0.0000010728
0.0000000788
-0.0000002400
-0.0000000595
0.0000004226
0.0000014000
0.0000011527
-0.0000026001
-0.0000032256
-0.0000008739
-0.0000004499
-0.0000003585
-0.0000000527
0.0000001543
0.0000002792
0.0000004647
0.0000001289
-0.0000001290
-0.0000005697
-0.0000004399
-0.0000001611
0.0000000581
0.0000013225
0.0000026366
0.0000035404
0.0000024220
0.0000024552
0.0000000570
-0.0000022037
-0.0000012643
0.0000004097
0.0000002141
-0.0000015600
-0.0000008300
0.0000002049
-0.0000004204
-0.0000019923
-0.0000019170
0.0000005104
0.0000011784
0.0000003855
0.0000001609
0.0000003381
0.0000002081
0.0000005574
0.0000013842
0.0000025104
0.0000024360
0.0000001225
-0.0000006156
0.0000002599
-0.0000006577
-0.0000009072
-0.0000002958
0.0000005847
0.0000002151
-0.0000009853
-0.0000030366
-0.0000036704
-0.0000008749
0.0000014968
0.0000016659
0.0000012009
0.0000005086
0.0000008812
0.0000006474
-0.0000002160
-0.0000013309
-0.0000010283
0.0000004260
0.0000004359
0.0000002237
0.0000001166
-0.0000002129
-0.0000003490
-0.0000002948
-0.0000003163
0.0000007720
0.0000010729
0.0000004013
0.0000002068
0.0000004192
-0.0000000349
-0.0000013861
-0.0000023082
-0.0000000144
0.0000011947
-0.0000003383
-0.0000009846
-0.0000010338
-0.0000021211
-0.0000001586
0.0000015492
0.0000008317
-0.0000012436
-0.0000016626
-0.0000020534
-0.0000010336
0.0000010392
0.0000005891
0.0000005652
-0.0000000209
-0.0000003638
-0.0000004548
-0.0000011745
-0.0000005735
0.0000015285
0.0000022432
0.0000004332
-0.0000014362
-0.0000015443
0.0000007658
0.0000004814
-0.0000007110
0.0000000346
0.0000012889
0.0000013148
0.0000003390
-0.0000006627
-0.0000014556
-0.0000016963
-0.0000016049
-0.0000007606
0.0000004317
0.0000004358
0.0000003281
0.0000001145
-0.0000002271
0.0000000896
0.0000003435
0.0000000407
0.0000007093
0.0000007394
0.0000005451
0.0000007746
0.0000001786
-0.0000002141
-0.0000011207
0.0000000964
0.0000014440
0.0000011606
-0.0000014958
-0.0000021946
-0.0000007299
0.0000001960
0.0000001895
0.0000007112
0.0000006183
-0.0000016188
-0.0000028975
-0.0000004778
0.0000019552
0.0000016576
0.0000016484
0.0000001724
-0.0000013747
-0.0000010298
-0.0000025582
-0.0000028542
-0.0000009405
-0.0000006290
0.0000015743
0.0000027212
-0.0000000376
-0.0000022289
-0.0000019574
-0.0000013137
-0.0000009884
-0.0000003519
-0.0000007197
-0.0000009229
-0.0000017650
0.0000001382
0.0000015361
-0.0000009577
-0.0000017899
0.0000005173
0.0000007613
-0.0000004140
-0.0000008703
-0.0000008391
0.0000003821
0.0000008499
0.0000001944
-0.0000004366
-0.0000002328
0.0000004181
0.0000018167
0.0000021520
0.0000005690
0.0000001997
0.0000002094
0.0000003997
-0.0000007264
-0.0000005009
-0.0000004172
0.0000000754
-0.0000002964
0.0000000186
-0.0000002580
-0.0000008505
-0.0000009806
0.0000002631
0.0000002514
-0.0000001880
-0.0000002676
0.0000003835
0.0000007233
-0.0000007743
0.0000000824
0.0000012253
0.0000007185
0.0000001433
0.0000000172
-0.0000001620
-0.0000007707
-0.0000006807
0.0000001641
0.0000000786
-0.0000006825
-0.0000005284
-0.0000004817
0.0000000275
0.0000005532
0.0000005626
0.0000001452
-0.0000006918
-0.0000006228
-0.0000011159
-0.0000009854
-0.0000006995
-0.0000011768
0.0000001809
-0.0000004795
-0.0000034110
-0.0000023116
0.0000011649
0.0000014358
0.0000001955
-0.0000003385
-0.0000001931
-0.0000000690
0.0000002523
0.0000002412
0.0000016178
0.0000011723
-0.0000010388
-0.0000016122
-0.0000005972
0.0000007776
0.0000042460
0.0000045063
0.0000011318
0.0000020356
0.0000016889
0.0000000833
-0.0000001556
0.0000001584
-0.0000006733
-0.0000006981
-0.0000005454
-0.0000007645
-0.0000006032
-0.0000009128
-0.0000013543
-0.0000009779
-0.0000000351
-0.0000013149
-0.0000014425
0.0000009874
0.0000013650
0.0000005340
0.0000004603
0.0000007814
0.0000006396
0.0000000357
-0.0000001458
-0.0000000347
-0.0000004393
-0.0000003898
-0.0000001088
0.0000009864
0.0000010358
0.0000009706
0.0000007724
0.0000011024
0.0000007600
0.0000004673
0.0000006321
0.0000007774
0.0000006378
0.0000009064
0.0000010692
-0.0000003146
-0.0000005757
-0.0000000679
0.0000000006
0.0000007712
0.0000014348
0.0000005796
0.0000001816
-0.0000004626
-0.0000005254
0.0000006634
0.0000015039
0.0000013757
0.0000011994
0.0000011451
0.0000005744
-0.0000014746
-0.0000021818
-0.0000018960
-0.0000005012
0.0000001394
-0.0000005045
-0.0000006229
0.0000003255
-0.0000003469
-0.0000001664
0.0000015958
0.0000031465
0.0000017720
-0.0000000859
0.0000000806
-0.0000002791
-0.0000012128
-0.0000000773
0.0000013196
0.0000000191
-0.0000007060
-0.0000006111
-0.0000004719
-0.0000005416
-0.0000002153
-0.0000000219
-0.0000001661
0.0000001448
0.0000006652
0.0000012040
-0.0000007762
-0.0000004841
0.0000012601
0.0000005926
0.0000004424
0.0000014086
0.0000013630
0.0000009502
-0.0000004607
-0.0000015037
-0.0000017314
-0.0000018592
-0.0000034263
-0.0000036237
0.0000004539
0.0000040453
0.0000039593
0.0000006155
-0.0000039551
-0.0000036719
-0.0000021405
0.0000000776
0.0000009524
0.0000000240
-0.0000003368
-0.0000000680
0.0000002251
0.0000002043
-0.0000000848
-0.0000000384
0.0000002830
0.0000003748
-0.0000000471
0.0000011367
0.0000011626
-0.0000013805
-0.0000025164
-0.0000017830
-0.0000002898
0.0000004439
-0.0000004656
-0.0000018022
-0.0000015503
0.0000016314
0.0000023906
0.0000003809
0.0000015763
0.0000010659
0.0000001047
-0.0000004639
-0.0000010298
-0.0000015252
-0.0000008810
-0.0000008439
-0.0000011013
0.0000010300
0.0000025747
0.0000010320
-0.0000000987
0.0000001375
0.0000004016
0.0000000103
-0.0000004957
-0.0000001808
0.0000000960
-0.0000001796
-0.0000005587
-0.0000010931
-0.0000029374
-0.0000047975
-0.0000032614
0.0000013141
0.0000024177
0.0000000152
-0.0000020075
-0.0000026509
-0.0000010201
0.0000014065
0.0000008815
0.0000005512
0.0000002685
-0.0000004448
-0.0000014156
-0.0000004491
0.0000012675
0.0000015159
-0.0000002256
-0.0000019109
-0.0000018136
-0.0000026473
-0.0000019629
0.0000022554
0.0000029196
0.0000016020
0.0000004346
0.0000004286
-0.0000000958
-0.0000005792
-0.0000005219
0.0000001912
0.0000009858
-0.0000007343
-0.0000020463
0.0000003592
0.0000017921
0.0000012368
0.0000018637
0.0000031789
0.0000032560
0.0000013497
0.0000000830
0.0000012796
0.0000021307
0.0000001898
-0.0000001076
0.0000001184
0.0000006474
0.0000036600
0.0000034613
0.0000010314
0.0000003399
0.0000012067
0.0000026739
0.0000015898
-0.0000008004
-0.0000004922
0.0000008321
0.0000012152
0.0000014541
0.0000011566
-0.0000000593
-0.0000001827
-0.0000001067
0.0000000367
0.0000003216
-0.0000007697
-0.0000017463
0.0000003984
0.0000028443
0.0000021220
0.0000021809
0.0000014251
-0.0000020413
-0.0000034401
-0.0000040290
-0.0000021669
-0.0000005272
-0.0000003665
0.0000005018
0.0000006397
0.0000000280
-0.0000001842
0.0000008304
0.0000012330
-0.0000000632
-0.0000001243
0.0000001928
0.0000007371
0.0000018491
-0.0000007073
-0.0000022702
-0.0000001967
0.0000013430
0.0000002908
0.0000003720
0.0000022191
0.0000004092
-0.0000007899
0.0000004647
0.0000003528
0.0000000989
0.0000005579
0.0000011362
0.0000013432
0.0000003401
-0.0000002620
0.0000004023
0.0000011454
0.0000014868
0.0000012061
-0.0000003387
-0.0000022138
-0.0000007004
0.0000027989
0.0000009238
-0.0000026939
-0.0000022807
-0.0000008372
-0.0000009285
-0.0000003604
-0.0000000650
0.0000002068
0.0000005176
-0.0000004908
-0.0000030628
-0.0000019453
0.0000023943
0.0000037135
0.0000009800
-0.0000015015
-0.0000002900
0.0000022223
0.0000023205
0.0000009223
-0.0000007089
-0.0000014681
-0.0000013062
-0.0000006750
0.0000002182
0.0000009659
0.0000011393
0.0000008194
0.0000000978
-0.0000005130
-0.0000003447
-0.0000002433
0.0000002000
0.0000001996
-0.0000005373
-0.0000007888
-0.0000003412
0.0000004986
-0.0000001024
-0.0000002823
0.0000000648
-0.0000000831
-0.0000007520
-0.0000013234
-0.0000010465
-0.0000010011
0.0000000315
0.0000003248
0.0000002895
0.0000014858
0.0000017379
0.0000010879
0.0000007007
-0.0000008227
-0.0000017779
-0.0000026363
-0.0000039219
-0.0000017202
0.0000005240
0.0000003366
0.0000001490
0.0000005244
0.0000008936
-0.0000006790
-0.0000034462
-0.0000029582
-0.0000007415
-0.0000003731
-0.0000000043
0.0000005720
0.0000008918
0.0000003351
-0.0000008425
-0.0000009849
-0.0000003259
0.0000009896
0.0000008561
0.0000000334
-0.0000011545
-0.0000013740
0.0000006699
0.0000012914
-0.0000013336
-0.0000022571
-0.0000013857
-0.0000015802
-0.0000013729
-0.0000018776
-0.0000017193
-0.0000016211
-0.0000011149
-0.0000006231
-0.0000006037
-0.0000007638
-0.0000018206
-0.0000017969
-0.0000003328
0.0000009095
0.0000015126
-0.0000000555
-0.0000018473
-0.0000007717
0.0000012035
0.0000012571
0.0000003753
0.0000006261
-0.0000004268
-0.0000002578
0.0000007497
0.0000006741
0.0000004053
0.0000007217
0.0000020548
0.0000007661
-0.0000009324
-0.0000004290
0.0000000342
-0.0000001978
0.0000000101
-0.0000001050
-0.0000000953
0.0000011089
0.0000023343
0.0000029127
0.0000017477
0.0000013770
0.0000007123
0.0000006575
0.0000012976
0.0000022359
0.0000029380
0.0000000099
-0.0000003507
-0.0000009413
-0.0000015256
0.0000004738
0.0000022966
0.0000019567
0.0000016112
0.0000014052
-0.0000005491
0.0000002679
0.0000005266
-0.0000001496
0.0000002791
0.0000001246
-0.0000004511
0.0000002522
0.0000003903
-0.0000000123
0.0000001679
-0.0000001265
-0.0000007695
-0.0000017208
-0.0000008629
0.0000030178
0.0000038241
0.0000003174
-0.0000002891
0.0000001831
-0.0000004803
-0.0000025922
-0.0000058172
-0.0000077315
-0.0000058439
-0.0000016377
0.0000010497
0.0000007206
-0.0000002853
-0.0000003669
-0.0000023242
-0.0000024948
-0.0000000930
0.0000032331
0.0000034578
-0.0000001859
-0.0000020948
-0.0000010632
-0.0000008477
