0.0000000000
0.0000000817
0.0000006558
0.0000007264
0.0000012737
0.0000033746
0.0000058050
0.0000064686
0.0000029280
0.0000012125
0.0000037746
0.0000055924
0.0000032524
0.0000007873
0.0000015492
-0.0000001644
0.0000001872
0.0000027656
0.0000014568
0.0000045939
0.0000063227
0.0000061582
0.0000063808
0.0000074317
0.0000056887
0.0000063605
0.0000093219
0.0000105364
0.0000073970
0.0000042701
0.0000021124
0.0000013664
0.0000023140
0.0000074123
0.0000110778
0.0000080137
0.0000056968
0.0000015768
0.0000002473
0.0000010582
0.0000005568
0.0000000642
-0.0000001484
0.0000013539
0.0000018584
-0.0000008117
0.0000021984
0.0000034428
0.0000021063
0.0000025042
0.0000056519
0.0000088439
0.0000090335
0.0000042088
0.0000006101
0.0000002589
0.0000007617
0.0000009383
0.0000001025
0.0000004323
0.0000010650
0.0000011798
0.0000011499
0.0000015441
0.0000013470
-0.0000006230
0.0000010515
0.0000013147
0.0000002366
0.0000001989
0.0000010619
0.0000009898
-0.0000007247
0.0000039038
0.0000013978
-0.0000003341
0.0000026687
0.0000021736
0.0000011096
0.0000008391
0.0000001912
-0.0000000151
0.0000001737
0.0000006023
0.0000013364
0.0000024236
0.0000042930
0.0000043280
0.0000021614
0.0000009114
0.0000002107
0.0000003103
0.0000000050
0.0000009584
0.0000009474
0.0000006366
0.0000043291
0.0000098788
0.0000111184
0.0000083228
0.0000054606
0.0000037393
0.0000025908
0.0000020006
0.0000027286
0.0000054392
0.0000029283
0.0000001918
-0.0000000484
0.0000003451
0.0000017927
0.0000017464
0.0000017681
0.0000006237
-0.0000005161
0.0000013921
0.0000008175
0.0000002987
0.0000006345
0.0000006754
0.0000007568
0.0000001636
0.0000007263
0.0000022388
0.0000045837
0.0000026364
0.0000011415
0.0000017414
0.0000032297
0.0000019129
0.0000017983
0.0000056950
0.0000070973
0.0000044832
0.0000027944
0.0000017633
0.0000012802
0.0000013973
0.0000023848
0.0000026338
0.0000016745
0.0000006506
0.0000010058
0.0000033951
0.0000074263
0.0000053833
-0.0000003873
0.0000003700
-0.0000003993
0.0000016344
0.0000017702
-0.0000007671
0.0000009531
0.0000001630
-0.0000000177
0.0000001779
0.0000000794
0.0000005025
0.0000018839
0.0000009342
-0.0000003463
0.0000014824
-0.0000005861
0.0000015941
0.0000034235
0.0000012229
0.0000002649
0.0000005444
0.0000057288
0.0000056403
0.0000008317
-0.0000004432
0.0000018365
0.0000065532
0.0000086676
0.0000073486
0.0000069304
0.0000085105
0.0000089893
0.0000084934
0.0000070143
0.0000067103
0.0000017950
0.0000012395
0.0000001145
0.0000001403
0.0000013095
0.0000008503
-0.0000000748
0.0000001529
0.0000015879
0.0000013535
0.0000018325
0.0000014701
0.0000019225
0.0000040176
0.0000060903
0.0000088802
0.0000100070
0.0000046095
0.0000019448
0.0000040496
0.0000036730
0.0000021297
0.0000005723
-0.0000002271
0.0000005909
-0.0000000345
0.0000016290
0.0000050352
0.0000068147
0.0000056331
0.0000048831
0.0000023524
0.0000001167
-0.0000002834
0.0000018573
0.0000047028
0.0000070585
0.0000049987
0.0000025605
0.0000020884
0.0000024655
0.0000037864
0.0000062124
0.0000057475
0.0000019434
0.0000008186
0.0000018299
0.0000054092
0.0000084660
0.0000084111
0.0000095331
0.0000095857
0.0000079911
0.0000046291
0.0000023771
0.0000019684
0.0000030117
0.0000027628
0.0000004732
-0.0000000120
0.0000004416
0.0000002464
0.0000014111
0.0000033206
0.0000020235
0.0000024538
0.0000037713
0.0000050041
0.0000068215
0.0000077802
0.0000046126
0.0000035586
0.0000036741
0.0000051871
0.0000103051
0.0000116077
0.0000098561
0.0000079130
0.0000044134
0.0000006045
0.0000011367
0.0000003177
0.0000012158
0.0000006207
0.0000009430
0.0000029962
0.0000028001
0.0000011971
0.0000008805
0.0000017833
0.0000025566
0.0000043753
0.0000109334
0.0000118221
0.0000078085
0.0000069300
0.0000060535
0.0000045320
0.0000043202
0.0000037452
0.0000025084
0.0000021612
0.0000029570
0.0000051784
0.0000049382
0.0000065069
0.0000087181
0.0000038388
0.0000011486
0.0000049000
0.0000044170
0.0000020861
0.0000039623
0.0000091652
0.0000079280
0.0000015525
0.0000042621
0.0000081738
0.0000064721
0.0000021310
-0.0000002707
0.0000003397
0.0000006404
0.0000010846
0.0000037037
0.0000033697
0.0000032579
0.0000030808
0.0000021252
0.0000022218
0.0000028164
0.0000051416
0.0000111008
0.0000092258
0.0000038504
0.0000035113
0.0000044094
0.0000074786
0.0000065322
0.0000028918
0.0000007237
0.0000000728
-0.0000000371
0.0000033666
0.0000016974
0.0000000934
0.0000001401
-0.0000004021
0.0000044389
0.0000104947
0.0000061905
0.0000005398
0.0000008844
0.0000010094
0.0000004899
0.0000033624
0.0000070042
0.0000072985
0.0000048776
0.0000034807
0.0000054983
0.0000059907
0.0000033069
0.0000002766
0.0000003184
0.0000012361
0.0000002584
-0.0000000502
0.0000006088
0.0000020820
0.0000024795
0.0000026197
0.0000025214
0.0000022456
0.0000009994
0.0000006569
0.0000002602
-0.0000000610
0.0000000387
0.0000007901
0.0000035103
0.0000021988
-0.0000004160
0.0000004094
0.0000003576
0.0000004315
0.0000000897
0.0000004674
0.0000052229
0.0000089013
0.0000067919
0.0000012395
-0.0000009420
0.0000029038
0.0000032932
0.0000007161
0.0000007255
-0.0000001117
0.0000037110
0.0000008110
0.0000026182
0.0000074835
0.0000039484
0.0000017472
0.0000021032
0.0000035493
0.0000077834
0.0000086233
0.0000051427
0.0000042229
0.0000024682
-0.0000004106
0.0000005092
0.0000002555
0.0000003184
0.0000053135
0.0000088084
0.0000023653
-0.0000007421
0.0000014117
0.0000041699
0.0000033508
0.0000003353
0.0000013893
0.0000006290
0.0000012214
0.0000006636
0.0000017860
0.0000039260
0.0000039391
0.0000027716
0.0000003906
-0.0000001553
0.0000008289
0.0000044477
0.0000069968
0.0000042388
0.0000019563
0.0000018093
0.0000030513
0.0000059847
0.0000102907
0.0000105163
0.0000040576
-0.0000010292
0.0000003461
-0.0000005969
0.0000043047
0.0000051842
0.0000043055
0.0000034383
0.0000026884
0.0000064548
0.0000082925
0.0000050865
0.0000017771
0.0000008336
0.0000015878
0.0000038360
0.0000022607
0.0000010704
0.0000013156
0.0000011571
0.0000022784
0.0000033831
0.0000050274
0.0000050836
0.0000031043
0.0000044059
0.0000086517
0.0000126767
0.0000144439
0.0000117566
0.0000061958
0.0000002559
-0.0000000411
0.0000016018
-0.0000004378
0.0000009908
0.0000122586
0.0000134963
0.0000044754
0.0000010759
0.0000010606
0.0000015250
0.0000020156
0.0000025093
0.0000023724
0.0000014216
0.0000012336
0.0000029205
0.0000070042
0.0000068730
0.0000044032
0.0000028008
0.0000004890
0.0000017774
0.0000015598
0.0000028294
0.0000046244
0.0000074450
0.0000074656
0.0000025542
0.0000030303
0.0000044377
0.0000040038
0.0000050297
0.0000069028
0.0000052808
0.0000022128
0.0000017334
0.0000028248
0.0000022689
0.0000015681
0.0000020537
0.0000009070
0.0000002259
-0.0000000003
0.0000011510
0.0000032582
0.0000015874
0.0000027233
0.0000047901
0.0000026057
0.0000047019
0.0000078578
0.0000076702
0.0000066125
0.0000076032
0.0000103166
0.0000123745
0.0000107421
0.0000057716
0.0000025723
0.0000004409
-0.0000001516
-0.0000002821
0.0000015747
0.0000053906
0.0000069463
0.0000081557
0.0000070557
0.0000051673
0.0000057873
0.0000046814
0.0000032878
0.0000050852
0.0000047908
0.0000026504
0.0000003470
-0.0000000184
0.0000014149
0.0000005868
0.0000004014
0.0000022346
0.0000051828
0.0000036530
-0.0000001172
0.0000000612
0.0000010141
0.0000005682
0.0000006432
0.0000015480
0.0000040084
0.0000046485
0.0000000688
0.0000006954
0.0000045786
0.0000046460
0.0000056468
0.0000053627
0.0000023912
0.0000011984
0.0000011346
0.0000009093
0.0000002370
0.0000004166
0.0000034464
0.0000097068
0.0000109375
0.0000049466
0.0000022840
0.0000016284
0.0000027260
0.0000041022
0.0000076130
0.0000048958
0.0000011388
0.0000072411
0.0000115298
0.0000079630
0.0000020703
-0.0000006681
0.0000005525
0.0000001377
0.0000002412
0.0000014399
0.0000021848
0.0000012562
0.0000020329
0.0000020760
0.0000001053
0.0000005818
0.0000026336
0.0000031923
0.0000046573
0.0000047384
0.0000018561
0.0000028081
0.0000066893
0.0000050565
0.0000022795
0.0000018503
0.0000023714
0.0000029658
0.0000057162
0.0000072490
0.0000043681
0.0000025319
0.0000037267
0.0000064731
0.0000059455
0.0000029002
0.0000012992
0.0000006352
0.0000002523
0.0000000175
0.0000008578
0.0000004157
0.0000005619
0.0000046029
0.0000067775
0.0000073128
0.0000061030
0.0000014423
-0.0000001031
0.0000002491
0.0000008117
0.0000047453
0.0000043158
0.0000022218
0.0000034409
0.0000055049
0.0000050677
0.0000042881
0.0000045253
0.0000051475
0.0000039422
0.0000028016
0.0000024541
0.0000039366
0.0000073856
0.0000093167
0.0000068608
0.0000034399
0.0000003626
0.0000001270
0.0000006060
0.0000051556
0.0000065868
0.0000024723
0.0000006306
0.0000004539
0.0000002237
-0.0000000157
0.0000003503
0.0000003563
0.0000009172
0.0000016768
0.0000028310
0.0000034825
0.0000038920
0.0000038218
0.0000031592
0.0000029113
0.0000051057
0.0000106922
0.0000114776
0.0000101735
0.0000089989
0.0000060638
0.0000036675
0.0000032230
0.0000048368
0.0000036896
0.0000004991
-0.0000000388
0.0000000976
0.0000008734
0.0000006836
0.0000006825
0.0000010104
0.0000005774
0.0000000476
0.0000000147
0.0000001561
0.0000002155
0.0000007297
0.0000009329
0.0000012982
0.0000007464
0.0000024317
0.0000017979
0.0000045052
0.0000038411
0.0000019406
0.0000018869
0.0000047404
0.0000111747
0.0000160150
0.0000129025
0.0000098515
0.0000097074
0.0000115175
0.0000075560
0.0000029259
0.0000019737
0.0000026925
0.0000038078
0.0000041563
0.0000022971
0.0000008814
0.0000003979
0.0000051045
0.0000084514
0.0000072254
0.0000025129
-0.0000000028
-0.0000000121
0.0000031227
0.0000065951
0.0000034700
0.0000006894
0.0000002611
-0.0000002677
0.0000010695
0.0000035735
0.0000065292
0.0000067045
0.0000041066
0.0000031650
0.0000039506
0.0000048584
0.0000036906
-0.0000000994
0.0000008763
0.0000020556
0.0000033426
0.0000062653
0.0000085274
0.0000079921
0.0000048069
0.0000020804
0.0000003804
-0.0000001165
0.0000042976
0.0000072462
0.0000053650
0.0000031715
0.0000017053
0.0000009949
0.0000025586
0.0000017859
0.0000039393
0.0000068373
0.0000065443
0.0000026036
0.0000009728
0.0000005619
0.0000002141
0.0000018975
0.0000042991
0.0000008489
0.0000002756
0.0000002920
0.0000030219
0.0000063774
0.0000044322
0.0000006009
0.0000002016
0.0000002478
0.0000027647
0.0000033402
0.0000004269
0.0000001144
0.0000003545
0.0000007814
0.0000012362
0.0000018125
0.0000014764
0.0000011220
0.0000026216
0.0000019079
0.0000005800
0.0000012072
0.0000036390
0.0000039582
0.0000033147
0.0000047244
0.0000064666
0.0000068329
0.0000075133
0.0000055135
0.0000028109
0.0000023347
0.0000022230
0.0000015713
0.0000013726
0.0000023771
0.0000048025
0.0000071573
0.0000087698
0.0000081257
0.0000061774
0.0000045507
0.0000017857
-0.0000007221
0.0000016128
0.0000036065
0.0000007639
-0.0000005218
0.0000038431
0.0000055499
0.0000036196
0.0000005539
0.0000019703
0.0000052684
0.0000056397
0.0000029522
0.0000034361
0.0000069263
0.0000090129
0.0000088322
0.0000072381
0.0000066919
0.0000061207
0.0000044513
0.0000024514
0.0000000537
0.0000008443
0.0000025316
0.0000018925
-0.0000001043
0.0000000785
0.0000036476
0.0000071340
0.0000068787
0.0000022916
0.0000005305
0.0000043547
0.0000002891
0.0000015688
0.0000048450
0.0000040940
0.0000023264
0.0000024517
0.0000033587
0.0000029030
0.0000021221
0.0000034804
0.0000025557
0.0000001952
0.0000044114
0.0000112117
0.0000076575
0.0000022358
0.0000010990
0.0000009010
0.0000004847
0.0000007450
0.0000008794
0.0000004497
0.0000006390
0.0000018736
0.0000031309
0.0000030684
0.0000028007
0.0000035290
0.0000039150
0.0000022563
0.0000001593
-0.0000000052
0.0000007998
0.0000008462
0.0000016129
0.0000041345
0.0000029304
0.0000014114
0.0000028922
0.0000044710
0.0000036834
0.0000028677
0.0000020810
0.0000006322
0.0000022073
0.0000027045
0.0000006782
0.0000009354
0.0000035692
0.0000067636
0.0000068578
0.0000033145
0.0000031148
0.0000025789
0.0000011663
0.0000048933
0.0000107359
0.0000106690
0.0000059264
0.0000006171
0.0000003913
0.0000001728
0.0000010369
0.0000026329
0.0000013059
0.0000023959
0.0000004756
-0.0000002267
0.0000079598
0.0000088433
0.0000060219
0.0000050651
0.0000034404
0.0000000407
0.0000010858
0.0000032369
0.0000024650
0.0000020400
0.0000006590
0.0000008929
0.0000018139
0.0000004220
0.0000001777
-0.0000003415
0.0000027255
0.0000121836
0.0000137323
0.0000099913
0.0000070705
0.0000064967
0.0000082567
0.0000082611
0.0000053400
0.0000029899
0.0000014690
0.0000018070
0.0000011753
0.0000003821
0.0000005073
-0.0000001781
0.0000011647
0.0000020393
-0.0000001168
0.0000003538
0.0000020216
0.0000023025
0.0000020856
0.0000022901
0.0000024744
0.0000015830
-0.0000001952
0.0000006166
0.0000008235
0.0000006578
0.0000013101
0.0000010584
-0.0000007231
0.0000022623
0.0000071299
0.0000080606
0.0000073394
0.0000023319
0.0000001723
-0.0000000240
0.0000015365
0.0000019290
0.0000008816
0.0000004540
0.0000005483
0.0000009709
0.0000036843
0.0000095401
0.0000113954
0.0000079142
0.0000059057
0.0000090017
0.0000068933
0.0000036563
0.0000026364
0.0000014102
0.0000011449
0.0000041657
0.0000032339
0.0000013115
0.0000012122
0.0000036785
0.0000039050
0.0000044281
0.0000090434
0.0000085459
0.0000052364
0.0000046053
0.0000065378
0.0000085134
0.0000061881
0.0000027377
-0.0000004447
0.0000007842
0.0000008108
0.0000010659
0.0000049437
0.0000075528
0.0000051318
0.0000019708
0.0000033055
0.0000036068
0.0000005337
0.0000005267
0.0000025392
0.0000051786
0.0000056212
0.0000094139
0.0000133237
0.0000103617
0.0000098625
0.0000086720
0.0000032018
-0.0000005540
0.0000005289
0.0000000553
-0.0000001286
0.0000023968
0.0000015764
0.0000005160
0.0000023675
0.0000033358
0.0000028375
0.0000017330
0.0000016571
0.0000044657
0.0000065024
0.0000062120
0.0000055879
0.0000042615
0.0000049822
0.0000053633
0.0000032397
0.0000031081
0.0000023628
0.0000028817
0.0000043143
0.0000032566
0.0000016105
0.0000010482
0.0000006953
0.0000005392
0.0000004311
-0.0000003279
0.0000010307
0.0000029761
0.0000010496
0.0000029321
0.0000048512
0.0000031335
0.0000017654
0.0000015918
0.0000013844
0.0000000400
-0.0000000292
0.0000005177
0.0000059502
0.0000086257
0.0000063126
0.0000069445
0.0000110389
0.0000075327
0.0000008141
0.0000000201
0.0000001013
0.0000005122
0.0000033288
0.0000048670
0.0000064422
0.0000095416
0.0000106768
0.0000102536
0.0000095415
0.0000076208
0.0000016940
0.0000005812
0.0000007984
0.0000002636
0.0000019700
0.0000026438
0.0000013763
0.0000014036
0.0000024914
0.0000030807
0.0000014269
0.0000022475
0.0000045779
0.0000005086
0.0000008539
0.0000088161
0.0000098943
0.0000031848
0.0000000809
-0.0000000076
0.0000000083
0.0000018871
0.0000023267
-0.0000009041
0.0000015601
0.0000018244
0.0000020486
0.0000042150
0.0000041181
0.0000031922
0.0000028303
0.0000035957
0.0000040070
0.0000027647
0.0000031377
0.0000041503
0.0000031506
0.0000038398
0.0000057229
0.0000066690
0.0000052723
0.0000020145
0.0000019352
0.0000018450
0.0000049876
0.0000091098
0.0000057112
0.0000019523
0.0000014068
0.0000013791
0.0000033263
0.0000084184
0.0000140767
0.0000129912
0.0000087874
0.0000052438
0.0000030325
0.0000018824
0.0000009126
-0.0000000420
-0.0000000293
0.0000003109
-0.0000001292
0.0000010734
0.0000018573
0.0000011006
-0.0000000352
0.0000001541
0.0000015034
0.0000017047
0.0000018977
0.0000084734
0.0000097745
0.0000053327
0.0000051916
0.0000042533
0.0000002566
0.0000013719
0.0000028719
0.0000001318
0.0000012342
0.0000019909
0.0000006567
0.0000006570
0.0000034854
0.0000076513
0.0000057396
0.0000019353
0.0000000344
0.0000001415
-0.0000000990
0.0000003392
0.0000026326
0.0000018292
0.0000013784
0.0000030681
0.0000046791
0.0000026837
0.0000010460
0.0000009240
0.0000025614
0.0000043476
0.0000051012
0.0000061278
0.0000078494
0.0000093298
0.0000066430
0.0000000956
0.0000001864
0.0000004714
0.0000008784
0.0000028244
0.0000038436
0.0000041337
0.0000042041
0.0000031715
0.0000028276
0.0000039918
0.0000045804
0.0000047776
0.0000033586
0.0000021596
0.0000021851
0.0000014445
0.0000008593
0.0000004242
0.0000048710
0.0000114305
0.0000057114
-0.0000007006
0.0000008185
0.0000014164
0.0000044295
0.0000039062
0.0000032236
0.0000043704
0.0000028894
0.0000004202
0.0000001502
0.0000013048
0.0000045327
0.0000035934
0.0000015751
0.0000013515
0.0000010489
-0.0000001416
0.0000005157
0.0000019046
0.0000025411
0.0000019147
0.0000015617
0.0000017361
0.0000019437
0.0000015102
0.0000007847
0.0000009967
0.0000033511
0.0000074917
0.0000067788
0.0000022344
0.0000016436
0.0000037018
0.0000031759
0.0000031458
0.0000042387
0.0000061156
0.0000082259
0.0000084224
0.0000059006
0.0000039158
0.0000043697
0.0000041224
0.0000016701
0.0000004670
0.0000000452
-0.0000000311
0.0000001213
0.0000011529
0.0000028742
0.0000004779
0.0000012393
0.0000084160
0.0000070961
0.0000014475
0.0000011865
0.0000025221
0.0000040916
0.0000077528
0.0000125621
0.0000118377
0.0000071992
0.0000056203
0.0000050253
0.0000018463
-0.0000000030
-0.0000000529
0.0000018574
0.0000061106
0.0000057256
0.0000023317
0.0000024972
0.0000020762
0.0000020919
0.0000024350
0.0000004589
0.0000000312
-0.0000002492
0.0000007577
0.0000033021
0.0000016176
0.0000014469
0.0000005146
0.0000023786
0.0000040027
0.0000040553
0.0000027463
0.0000008636
0.0000006727
0.0000028305
0.0000064782
0.0000038185
-0.0000001625
0.0000001946
0.0000020950
0.0000010294
0.0000002936
0.0000000682
0.0000008920
0.0000001087
-0.0000002259
0.0000013605
0.0000041739
0.0000046577
0.0000023905
0.0000009031
0.0000000889
-0.0000000354
-0.0000000939
0.0000016709
0.0000070006
0.0000059155
0.0000018095
-0.0000001104
0.0000007717
0.0000040844
0.0000023693
-0.0000000395
0.0000000551
0.0000006015
0.0000016166
0.0000030046
0.0000038547
0.0000019702
0.0000004973
0.0000004445
0.0000009352
0.0000008107
-0.0000002274
0.0000003298
0.0000022418
0.0000035786
0.0000015291
0.0000001319
0.0000002138
0.0000025926
0.0000042340
0.0000037879
0.0000027599
0.0000032532
0.0000033967
0.0000035761
0.0000039762
0.0000024270
0.0000001332
0.0000004239
-0.0000000861
0.0000055402
0.0000051243
0.0000022059
0.0000048966
0.0000078750
0.0000061757
0.0000038396
0.0000031711
0.0000014203
0.0000009736
0.0000013792
0.0000013114
0.0000002023
0.0000026215
0.0000058069
0.0000036898
0.0000000237
0.0000000304
0.0000001119
0.0000005198
0.0000031546
0.0000050819
0.0000062260
0.0000076989
0.0000065680
0.0000012263
0.0000012337
0.0000019698
0.0000017704
0.0000013682
0.0000009516
0.0000015945
0.0000024469
0.0000033543
0.0000050214
0.0000055922
0.0000050797
0.0000056136
0.0000071696
0.0000071874
0.0000048989
0.0000057046
0.0000071575
0.0000052115
0.0000001014
0.0000000950
0.0000006310
0.0000007768
0.0000017633
0.0000044328
0.0000048806
0.0000016131
0.0000001173
0.0000004246
0.0000014896
0.0000043606
0.0000051181
0.0000049205
0.0000061785
0.0000075150
0.0000056326
0.0000040894
0.0000081305
0.0000099303
0.0000038895
0.0000002038
0.0000020792
0.0000051081
0.0000056398
0.0000051576
0.0000038141
0.0000025471
0.0000043459
0.0000023926
0.0000004471
0.0000002250
0.0000003217
0.0000041660
0.0000076089
0.0000074528
0.0000059015
0.0000031060
0.0000051810
0.0000091369
0.0000106539
0.0000095892
0.0000055175
0.0000014209
0.0000006464
0.0000007577
0.0000012114
0.0000010760
0.0000012780
0.0000004763
0.0000022554
0.0000027569
0.0000024954
0.0000021226
0.0000030006
0.0000063984
0.0000083250
0.0000084808
0.0000055339
0.0000022289
0.0000017176
0.0000009693
0.0000005794
0.0000007623
0.0000013220
0.0000014323
0.0000020362
0.0000007235
-0.0000001737
0.0000013076
0.0000002071
0.0000005947
0.0000025875
0.0000034937
0.0000015629
0.0000016938
0.0000049095
0.0000077347
0.0000092634
0.0000084930
0.0000047074
0.0000026199
0.0000022052
0.0000022041
0.0000012915
0.0000013263
0.0000010430
0.0000002379
0.0000003520
0.0000028802
0.0000076177
0.0000095936
0.0000098845
0.0000092734
0.0000121276
0.0000151922
0.0000068300
0.0000006006
0.0000004997
0.0000003598
0.0000005599
0.0000063376
0.0000045676
-0.0000001147
-0.0000001754
0.0000004517
0.0000038650
0.0000071295
0.0000082792
0.0000083663
0.0000091450
0.0000059023
0.0000025052
0.0000007584
0.0000031046
0.0000052713
0.0000026054
0.0000030394
0.0000036981
0.0000030340
0.0000005951
-0.0000001375
0.0000000413
0.0000008329
0.0000011894
0.0000042258
0.0000031682
0.0000012876
0.0000056345
0.0000138691
0.0000169910
0.0000070422
0.0000012117
0.0000005115
0.0000028119
0.0000053483
0.0000072834
0.0000101206
0.0000103582
0.0000063871
0.0000026989
0.0000004464
0.0000003803
0.0000003301
0.0000015250
0.0000017143
0.0000011224
0.0000001374
0.0000000093
0.0000007679
0.0000017759
0.0000015358
0.0000017841
0.0000025922
0.0000026863
0.0000017836
0.0000019011
0.0000050925
0.0000103244
0.0000158945
0.0000113860
0.0000057598
0.0000047542
0.0000018812
0.0000025889
0.0000057337
0.0000126885
0.0000148769
0.0000114984
0.0000101106
0.0000097167
0.0000075533
0.0000028684
0.0000002053
0.0000000478
0.0000001866
-0.0000001785
0.0000011837
0.0000041823
0.0000045555
0.0000083873
0.0000113240
0.0000072614
0.0000042129
0.0000015495
0.0000002427
0.0000003569
0.0000010422
0.0000015853
0.0000066428
0.0000093854
0.0000070634
0.0000055057
0.0000049261
0.0000054891
0.0000049128
0.0000020994
0.0000006856
0.0000002084
-0.0000000885
0.0000001282
0.0000000896
0.0000011098
0.0000018575
0.0000044063
0.0000068930
0.0000055016
0.0000038482
0.0000050431
0.0000093139
0.0000112795
0.0000085263
0.0000059256
0.0000052292
0.0000043060
0.0000011050
-0.0000002381
0.0000019975
0.0000046788
0.0000043460
0.0000004971
0.0000003459
0.0000011314
0.0000023553
0.0000028816
0.0000045046
0.0000043257
0.0000054646
0.0000087577
0.0000084795
0.0000025591
0.0000017500
0.0000006036
0.0000023990
0.0000040614
0.0000023787
0.0000031739
0.0000047845
0.0000008190
-0.0000004523
0.0000008770
0.0000002558
0.0000055097
0.0000064287
0.0000013650
0.0000009910
0.0000016300
0.0000011570
0.0000010524
0.0000020410
0.0000093038
0.0000098685
0.0000007227
-0.0000002974
0.0000007596
0.0000008917
0.0000027195
0.0000028279
0.0000034851
0.0000019935
0.0000006319
0.0000007231
0.0000030610
0.0000055321
0.0000031518
0.0000010746
0.0000001109
-0.0000000493
0.0000001086
0.0000015827
0.0000010056
0.0000001362
0.0000010038
0.0000019028
0.0000045532
0.0000010019
-0.0000000621
0.0000053608
0.0000087288
0.0000080471
0.0000052014
0.0000029657
0.0000040197
0.0000085535
0.0000123989
0.0000086739
0.0000042662
0.0000021850
0.0000021200
0.0000019424
0.0000015854
0.0000025719
0.0000012069
0.0000005788
0.0000008657
0.0000017716
0.0000017666
0.0000012457
0.0000035378
0.0000064025
0.0000082282
0.0000091394
0.0000085962
0.0000051589
0.0000031760
0.0000023696
0.0000021547
0.0000031050
0.0000043950
0.0000044755
0.0000026791
0.0000013593
0.0000017174
0.0000033481
0.0000027099
0.0000021334
0.0000027225
0.0000038778
0.0000047558
0.0000015698
-0.0000003499
0.0000002928
-0.0000002059
0.0000007138
0.0000026662
0.0000039481
0.0000050179
0.0000049195
0.0000046319
0.0000055133
0.0000055643
0.0000034900
0.0000010523
0.0000010236
0.0000067707
0.0000053726
0.0000002088
0.0000004585
0.0000001573
0.0000005808
0.0000003804
0.0000031514
0.0000014585
0.0000003330
0.0000030614
0.0000040869
0.0000045138
0.0000046558
0.0000050237
0.0000046599
0.0000016963
0.0000036635
0.0000050156
0.0000039754
0.0000007204
0.0000000303
0.0000003910
0.0000013662
0.0000019636
0.0000036953
0.0000033031
0.0000021202
0.0000023359
0.0000017277
0.0000002241
0.0000002230
0.0000015179
0.0000037617
0.0000065046
0.0000062653
0.0000039484
0.0000037378
0.0000063965
0.0000091500
0.0000097642
0.0000099314
0.0000091330
0.0000155503
0.0000214835
0.0000171902
0.0000110805
0.0000076546
0.0000051877
-0.0000005224
0.0000003972
0.0000006353
-0.0000005294
0.0000023327
0.0000013582
0.0000018707
0.0000021090
0.0000016195
0.0000003379
-0.0000000386
0.0000001645
0.0000007052
0.0000056526
0.0000115132
0.0000131650
0.0000108342
0.0000060353
0.0000048321
0.0000054769
0.0000058653
0.0000078211
0.0000078312
0.0000043355
0.0000018678
0.0000010454
0.0000008031
0.0000014954
0.0000014607
0.0000006249
0.0000011489
0.0000013239
0.0000026926
0.0000084188
0.0000095796
0.0000077999
0.0000055245
0.0000056828
0.0000076233
0.0000070651
0.0000044609
0.0000013717
0.0000003853
0.0000004981
0.0000027921
0.0000028938
-0.0000008465
0.0000008683
0.0000006830
0.0000030801
0.0000047051
0.0000036233
0.0000011530
0.0000001772
0.0000008527
0.0000034486
0.0000054572
0.0000066628
0.0000077865
0.0000068471
0.0000050455
0.0000030903
0.0000025935
0.0000082775
0.0000121219
0.0000067515
0.0000008143
-0.0000001707
0.0000028075
0.0000056061
0.0000049817
0.0000042311
0.0000057863
0.0000092044
0.0000119035
0.0000127818
0.0000117313
0.0000077631
0.0000038878
0.0000038704
0.0000053142
0.0000060022
0.0000072860
0.0000073728
0.0000027156
0.0000001997
0.0000001257
0.0000002186
0.0000000712
0.0000001667
0.0000017940
0.0000024136
0.0000040582
0.0000037446
0.0000007449
0.0000001718
0.0000029134
0.0000041198
0.0000014028
0.0000004655
0.0000002632
0.0000001902
0.0000016991
0.0000037323
0.0000059652
0.0000068527
0.0000088249
0.0000106305
0.0000118013
0.0000137075
0.0000131398
0.0000083743
0.0000051448
0.0000028882
0.0000020739
0.0000003832
-0.0000000160
0.0000001378
0.0000009876
0.0000011787
0.0000023427
0.0000051154
0.0000044092
0.0000053790
0.0000034140
0.0000022063
0.0000001043
0.0000003714
-0.0000003594
0.0000008311
0.0000003830
-0.0000001581
-0.0000001285
0.0000014737
0.0000009447
-0.0000002968
0.0000033980
0.0000031444
-0.0000005590
0.0000012790
0.0000024567
0.0000022336
0.0000013625
0.0000009544
0.0000015020
0.0000018382
0.0000005350
0.0000007343
0.0000017423
0.0000022734
0.0000016747
0.0000032479
0.0000057080
0.0000060577
0.0000072577
0.0000077540
0.0000051884
0.0000024251
0.0000000691
-0.0000000086
0.0000005510
0.0000013598
0.0000038911
0.0000034715
0.0000011992
0.0000020842
0.0000053633
0.0000042270
0.0000052710
0.0000061290
0.0000062512
0.0000022315
-0.0000002354
0.0000015014
0.0000030421
0.0000041104
0.0000040896
0.0000018322
0.0000001748
0.0000004112
0.0000009538
0.0000000745
0.0000005555
0.0000010874
-0.0000001085
0.0000000934
0.0000005357
0.0000010040
0.0000017301
0.0000004962
0.0000000301
0.0000000282
0.0000013491
0.0000046813
0.0000038652
0.0000029613
0.0000004666
-0.0000000251
0.0000001465
-0.0000000240
0.0000010631
0.0000023621
0.0000020253
0.0000045640
0.0000021614
-0.0000002623
0.0000012425
0.0000024412
0.0000029893
0.0000008495
-0.0000002660
0.0000026659
0.0000047941
0.0000039830
0.0000013652
-0.0000007254
0.0000013386
0.0000000959
0.0000015903
0.0000055979
0.0000063808
0.0000047333
0.0000016300
0.0000013466
0.0000022422
0.0000048561
0.0000043160
0.0000008379
0.0000001704
0.0000001579
0.0000018518
0.0000031260
0.0000010124
0.0000006423
0.0000038951
0.0000105880
0.0000121236
0.0000091631
0.0000040511
0.0000011453
0.0000003571
0.0000000629
0.0000001966
0.0000021157
0.0000039695
0.0000007996
-0.0000004392
0.0000023557
0.0000001306
0.0000044193
0.0000041657
0.0000005342
0.0000017086
0.0000010111
0.0000001126
0.0000016308
0.0000040859
0.0000021090
0.0000011199
0.0000009134
0.0000019621
0.0000068634
0.0000071957
0.0000062165
0.0000084039
0.0000115101
0.0000068928
0.0000016345
0.0000009416
0.0000009630
0.0000014607
0.0000024209
0.0000028894
0.0000041487
0.0000057739
0.0000031269
-0.0000001706
0.0000000887
0.0000000722
0.0000002313
0.0000026759
0.0000039105
0.0000033500
0.0000041709
0.0000040548
0.0000005382
0.0000000316
0.0000004627
0.0000005864
0.0000016775
0.0000032059
0.0000080496
0.0000082663
0.0000027749
0.0000014065
0.0000007085
0.0000015914
0.0000047543
0.0000057791
0.0000043250
0.0000025513
0.0000019440
0.0000056942
0.0000080315
0.0000083877
0.0000096662
0.0000082930
0.0000069599
0.0000064116
0.0000037081
0.0000010528
0.0000000612
0.0000001685
0.0000001614
0.0000001114
-0.0000001482
0.0000006302
0.0000022859
0.0000041571
0.0000026757
0.0000010442
0.0000026214
0.0000022833
-0.0000001494
0.0000017844
0.0000029178
0.0000007482
0.0000003923
0.0000005568
-0.0000003736
0.0000007239
0.0000032601
0.0000050970
0.0000030956
0.0000004478
0.0000000367
0.0000026736
0.0000047133
0.0000074191
0.0000067367
0.0000021146
0.0000004572
0.0000004566
0.0000003330
0.0000010512
0.0000046900
0.0000042270
0.0000020172
0.0000026302
0.0000014927
0.0000030019
0.0000042755
0.0000011686
-0.0000000329
0.0000029159
0.0000042604
0.0000031948
0.0000007591
0.0000012138
0.0000063598
0.0000052629
0.0000026460
0.0000017276
0.0000005756
0.0000000570
0.0000004086
0.0000008068
0.0000034694
0.0000043025
0.0000026410
0.0000037346
0.0000075246
0.0000065171
0.0000030779
0.0000003731
0.0000001954
0.0000007649
0.0000027660
0.0000030076
0.0000029817
-0.0000003620
0.0000002064
0.0000006013
0.0000041685
0.0000072121
0.0000077871
0.0000072386
0.0000058610
0.0000032871
0.0000008714
0.0000007827
-0.0000004739
0.0000020805
0.0000066960
0.0000077902
0.0000045813
0.0000031811
0.0000022414
0.0000028849
0.0000049324
0.0000055522
0.0000060628
0.0000104478
0.0000138762
0.0000094272
0.0000038647
0.0000036765
0.0000054438
0.0000082831
0.0000091828
0.0000061676
0.0000042247
0.0000054375
0.0000092545
0.0000091766
0.0000081350
0.0000086104
0.0000063862
0.0000012144
0.0000005131
0.0000007949
0.0000020839
0.0000061335
0.0000047274
0.0000029082
0.0000041468
0.0000037183
0.0000036302
0.0000036395
0.0000029772
0.0000009428
0.0000011170
0.0000004473
-0.0000000817
0.0000024061
0.0000064090
0.0000059225
0.0000023790
-0.0000003871
0.0000006102
0.0000024117
0.0000011879
0.0000014584
0.0000003555
0.0000009489
0.0000006552
-0.0000000287
0.0000009431
0.0000008158
0.0000019520
-0.0000002435
0.0000019193
0.0000001863
0.0000017745
0.0000062096
0.0000041591
0.0000013407
0.0000086481
0.0000126050
0.0000075981
0.0000016321
0.0000007625
0.0000011980
0.0000011236
0.0000005874
0.0000028296
0.0000081412
0.0000064000
0.0000010562
-0.0000000985
0.0000004257
0.0000004421
0.0000014156
0.0000068361
0.0000085458
0.0000063827
0.0000035833
0.0000010729
0.0000006938
0.0000018309
0.0000017466
0.0000012935
0.0000039306
0.0000045931
0.0000039013
0.0000016338
0.0000038393
0.0000079701
0.0000080321
0.0000064355
0.0000068051
0.0000103711
0.0000124295
0.0000065383
0.0000012160
0.0000005843
0.0000015029
0.0000031580
0.0000029659
0.0000022634
0.0000029088
0.0000051507
0.0000062533
0.0000070657
0.0000072995
0.0000031641
-0.0000003619
0.0000000572
0.0000033935
0.0000056763
0.0000068723
0.0000066269
0.0000060711
0.0000081215
0.0000085599
0.0000032806
0.0000041738
0.0000058878
0.0000038997
0.0000006458
0.0000012615
0.0000007879
0.0000031473
0.0000037754
0.0000010523
-0.0000000934
0.0000001335
0.0000003457
0.0000044070
0.0000079296
0.0000082040
0.0000040121
0.0000013330
0.0000003788
0.0000009616
0.0000023390
0.0000029008
0.0000019011
0.0000013192
0.0000007881
0.0000003752
0.0000006004
0.0000031678
0.0000051755
0.0000040329
0.0000036622
0.0000028772
0.0000006292
0.0000002642
0.0000007576
0.0000021834
0.0000030276
0.0000033873
0.0000031898
0.0000036496
0.0000039405
0.0000041482
0.0000004814
0.0000001602
0.0000004348
-0.0000000937
-0.0000000383
0.0000005826
0.0000012558
0.0000003787
0.0000033214
0.0000036347
0.0000005274
-0.0000002384
0.0000014485
0.0000034764
0.0000010904
-0.0000005156
0.0000013921
0.0000009308
-0.0000002301
-0.0000000156
0.0000000481
0.0000010430
0.0000012873
0.0000013214
0.0000005576
0.0000012518
0.0000028147
0.0000067922
0.0000118068
0.0000112633
0.0000060412
0.0000013758
0.0000006796
0.0000012993
0.0000031357
0.0000006754
-0.0000001008
-0.0000000342
0.0000002099
0.0000005529
0.0000010105
-0.0000000669
0.0000011682
0.0000008451
0.0000030412
0.0000073585
0.0000036074
0.0000008784
0.0000009021
0.0000032026
0.0000014457
0.0000006363
0.0000006308
-0.0000001905
0.0000012290
0.0000034422
0.0000021657
0.0000042331
0.0000037655
0.0000035759
0.0000022580
-0.0000005222
0.0000009942
0.0000012831
0.0000008623
0.0000021102
0.0000025765
0.0000032114
0.0000040107
0.0000039441
0.0000028990
0.0000029557
0.0000026938
0.0000002034
0.0000016090
0.0000044252
-0.0000001085
0.0000005180
0.0000026040
0.0000009817
0.0000012934
0.0000039779
0.0000052147
0.0000040679
0.0000033779
0.0000044059
0.0000076279
0.0000120847
0.0000124966
0.0000067050
0.0000026737
0.0000007234
0.0000007778
0.0000018210
0.0000037635
0.0000017811
0.0000004706
0.0000001351
-0.0000000405
0.0000010399
0.0000023002
0.0000027932
0.0000018831
0.0000000307
0.0000009329
0.0000009648
0.0000015303
0.0000034034
0.0000040638
0.0000024393
0.0000013724
0.0000011078
0.0000025113
0.0000030704
0.0000042531
0.0000033345
0.0000018697
0.0000016819
0.0000015503
0.0000015120
0.0000013799
0.0000021353
0.0000031708
0.0000033574
0.0000019922
0.0000019692
0.0000019262
0.0000004309
0.0000024153
0.0000033497
0.0000040359
-0.0000004392
0.0000006520
0.0000038522
0.0000056547
0.0000044979
0.0000020981
0.0000001438
-0.0000000582
0.0000000200
0.0000017242
0.0000015989
0.0000016282
0.0000060198
0.0000075550
0.0000043583
0.0000020542
0.0000009422
0.0000001051
0.0000011000
0.0000017431
0.0000013016
0.0000016494
0.0000019481
0.0000018168
0.0000028497
0.0000038063
0.0000043987
0.0000036388
0.0000013969
0.0000007083
0.0000008520
0.0000023656
0.0000063817
0.0000078802
0.0000064503
0.0000043701
0.0000021994
0.0000007998
0.0000017893
0.0000039525
0.0000043251
0.0000045227
0.0000049276
0.0000029574
0.0000005471
0.0000000727
0.0000002129
-0.0000000247
0.0000020441
0.0000062159
0.0000069382
0.0000039438
0.0000048761
0.0000059250
0.0000031648
0.0000027738
0.0000025062
0.0000022408
0.0000043064
0.0000064268
0.0000062600
0.0000096452
0.0000089498
0.0000063438
0.0000053772
0.0000055661
0.0000017141
-0.0000004223
0.0000001055
0.0000009535
0.0000027191
0.0000036244
0.0000034856
0.0000013995
-0.0000004293
0.0000004398
0.0000002525
0.0000003349
0.0000008043
0.0000013075
0.0000019453
0.0000006580
-0.0000000713
-0.0000000407
0.0000005096
0.0000024242
0.0000003632
-0.0000000905
0.0000014148
0.0000010916
0.0000013160
0.0000009697
0.0000012305
0.0000037941
0.0000031789
0.0000001617
0.0000012943
0.0000049870
0.0000032270
0.0000010899
0.0000008726
0.0000004316
-0.0000004526
0.0000024494
0.0000054461
0.0000052974
0.0000058078
0.0000055187
0.0000044987
0.0000051904
0.0000067939
0.0000050631
0.0000012410
0.0000003152
0.0000009720
0.0000024291
0.0000010934
0.0000016358
0.0000038481
0.0000029754
0.0000001581
0.0000009449
0.0000028230
0.0000039248
0.0000028668
0.0000012113
0.0000016566
0.0000018137
0.0000005504
0.0000014437
0.0000026121
0.0000048107
0.0000048019
0.0000031148
0.0000013082
0.0000006287
0.0000013410
0.0000001333
0.0000029620
0.0000087923
0.0000070117
0.0000018856
0.0000043122
0.0000041639
0.0000033591
0.0000023400
0.0000025024
0.0000030229
0.0000018050
0.0000041261
0.0000032816
0.0000003890
0.0000031273
0.0000043179
0.0000045090
0.0000035406
0.0000015747
0.0000001190
0.0000005651
0.0000028860
0.0000040886
0.0000037599
0.0000021352
0.0000032264
0.0000039264
0.0000035207
0.0000066546
0.0000096242
0.0000063207
0.0000043063
0.0000049082
0.0000022025
-0.0000003427
0.0000013124
0.0000010050
0.0000017820
0.0000007966
0.0000028395
0.0000025074
0.0000003158
0.0000044854
0.0000092509
0.0000074696
0.0000049437
0.0000065882
0.0000069692
0.0000029251
0.0000004029
-0.0000001065
0.0000007685
0.0000006708
0.0000004904
0.0000001607
0.0000002272
0.0000001854
-0.0000003255
0.0000023754
0.0000055402
0.0000011585
-0.0000007045
0.0000020791
0.0000012570
0.0000014595
0.0000020487
0.0000010693
0.0000007868
0.0000026160
0.0000002853
-0.0000000373
0.0000013126
0.0000006932
-0.0000002949
0.0000006166
0.0000004180
0.0000000869
0.0000005590
0.0000017593
0.0000036490
0.0000043944
0.0000036377
0.0000067582
0.0000071380
0.0000022683
-0.0000006541
0.0000028248
0.0000039178
0.0000025486
0.0000028721
0.0000031771
0.0000023778
0.0000010705
0.0000015788
0.0000011046
0.0000016809
0.0000030666
0.0000028715
0.0000023504
0.0000012812
0.0000019364
0.0000036532
0.0000084684
0.0000067499
0.0000038270
0.0000022518
-0.0000003634
0.0000009530
-0.0000002626
0.0000000384
0.0000011387
0.0000023619
0.0000041500
0.0000031629
0.0000026038
0.0000031609
0.0000019819
0.0000021542
0.0000021332
0.0000019444
0.0000015764
0.0000020440
0.0000046043
0.0000050964
0.0000027361
0.0000025075
0.0000021718
0.0000023988
0.0000002643
-0.0000000484
0.0000007805
0.0000032355
0.0000075666
0.0000067711
0.0000030041
0.0000005235
-0.0000002847
0.0000008106
0.0000016412
0.0000025284
0.0000029512
0.0000022992
0.0000019140
0.0000006182
-0.0000001672
0.0000003936
0.0000005294
0.0000024000
0.0000017347
0.0000000112
-0.0000000735
0.0000007021
0.0000020740
0.0000043185
0.0000098642
0.0000113969
0.0000052798
0.0000009460
-0.0000000439
0.0000000204
-0.0000001910
0.0000004877
0.0000009683
0.0000025618
0.0000046788
0.0000066304
0.0000063735
0.0000070709
0.0000092924
0.0000098573
0.0000057058
0.0000002846
0.0000001928
0.0000004215
0.0000002631
0.0000004671
0.0000024947
0.0000035866
0.0000033319
0.0000037507
0.0000038884
0.0000021460
-0.0000010087
0.0000023673
0.0000028907
-0.0000008092
0.0000006417
0.0000020877
0.0000044643
0.0000016228
-0.0000001832
0.0000012852
0.0000017193
0.0000008012
0.0000001329
0.0000025741
0.0000088335
0.0000104000
0.0000037975
0.0000014619
0.0000036450
0.0000062515
0.0000068395
0.0000060303
0.0000039083
0.0000019072
0.0000006356
0.0000008017
0.0000015123
0.0000007062
0.0000000552
0.0000013626
0.0000006057
0.0000023843
0.0000026779
0.0000034798
0.0000053505
0.0000066030
0.0000075679
0.0000093063
0.0000103905
0.0000087107
0.0000068887
0.0000054731
0.0000078907
0.0000094479
0.0000072666
0.0000041204
0.0000030712
0.0000007451
-0.0000003013
0.0000015822
0.0000043597
0.0000056596
0.0000043539
0.0000018844
0.0000014777
0.0000025509
0.0000023403
0.0000012798
0.0000010262
0.0000008126
0.0000015504
0.0000058273
0.0000075634
0.0000019561
0.0000002024
0.0000003469
0.0000020268
0.0000067251
0.0000102866
0.0000111392
0.0000108614
0.0000109188
0.0000116328
0.0000117326
0.0000083636
0.0000050656
0.0000032390
0.0000015354
0.0000012853
0.0000027777
0.0000039149
0.0000035355
0.0000053831
0.0000056291
0.0000045471
0.0000088404
0.0000098888
0.0000071015
0.0000027785
0.0000014125
0.0000024758
0.0000041480
0.0000046534
0.0000048889
0.0000055816
0.0000055643
0.0000026516
0.0000005762
0.0000012296
0.0000048237
0.0000116953
0.0000127782
0.0000088738
0.0000076517
0.0000054613
0.0000031488
0.0000051993
0.0000066933
0.0000059695
0.0000072921
0.0000070303
0.0000093622
0.0000093603
0.0000059360
0.0000069862
0.0000077124
0.0000059523
0.0000030114
0.0000022327
0.0000025613
0.0000048922
0.0000032953
0.0000004564
0.0000001394
0.0000000621
-0.0000000934
0.0000008670
0.0000006754
0.0000024166
0.0000045433
0.0000034442
0.0000012720
-0.0000003545
0.0000048106
0.0000042350
0.0000027450
0.0000047208
0.0000056183
0.0000062960
0.0000071663
0.0000055665
0.0000039326
0.0000041659
0.0000047635
0.0000029551
-0.0000000065
0.0000012733
0.0000012559
0.0000024687
0.0000050017
0.0000026027
-0.0000001155
0.0000003904
0.0000028723
0.0000018494
0.0000000134
0.0000007488
0.0000019921
0.0000043635
0.0000056246
0.0000058677
0.0000096439
0.0000122689
0.0000124991
0.0000112799
0.0000058817
0.0000020400
-0.0000006249
0.0000027296
0.0000038011
0.0000015648
0.0000002363
-0.0000002347
0.0000009111
0.0000038848
0.0000019865
0.0000007510
0.0000002685
0.0000012102
0.0000023459
0.0000034389
0.0000016659
-0.0000008527
0.0000019295
0.0000027663
0.0000024108
0.0000033920
0.0000052011
0.0000030056
0.0000002730
0.0000002426
-0.0000003719
0.0000019148
0.0000091085
0.0000065799
0.0000016782
0.0000015001
-0.0000000748
0.0000063157
0.0000109904
0.0000068112
0.0000040466
0.0000044800
0.0000059062
0.0000036742
0.0000023838
0.0000024582
0.0000018164
0.0000016389
0.0000005078
-0.0000000621
0.0000000456
0.0000007002
0.0000019927
0.0000026619
0.0000024885
0.0000011295
0.0000012165
0.0000001411
-0.0000001410
0.0000005550
0.0000016657
0.0000014898
0.0000029672
0.0000040167
0.0000025369
0.0000015266
0.0000028527
0.0000068104
0.0000098239
0.0000056663
0.0000038024
0.0000054722
0.0000063218
0.0000053004
0.0000025819
0.0000020179
0.0000030638
0.0000046686
0.0000048635
0.0000029969
0.0000004392
0.0000006641
0.0000012118
0.0000018369
0.0000022233
0.0000018785
-0.0000000065
0.0000000540
0.0000025526
0.0000028266
0.0000020654
0.0000019605
0.0000012642
0.0000031754
0.0000026617
0.0000008460
0.0000007861
0.0000014955
0.0000006815
-0.0000001031
-0.0000003130
0.0000009979
0.0000066996
0.0000115399
0.0000098810
0.0000071430
0.0000073846
0.0000052814
0.0000015631
0.0000011469
0.0000008328
-0.0000002818
0.0000006087
0.0000027963
0.0000007561
0.0000013264
0.0000073669
0.0000088266
0.0000066532
0.0000011601
-0.0000000837
-0.0000000415
0.0000002722
0.0000006131
0.0000000688
0.0000000225
0.0000007001
0.0000013338
0.0000014318
-0.0000000102
0.0000002476
0.0000020355
0.0000011098
-0.0000002354
0.0000001987
0.0000003523
0.0000003805
0.0000005618
0.0000001294
-0.0000000756
0.0000015046
0.0000024187
0.0000022173
0.0000015730
0.0000005342
0.0000000911
0.0000000834
0.0000011643
0.0000016192
0.0000003700
0.0000001118
0.0000009220
0.0000007707
0.0000041487
0.0000032218
0.0000006741
0.0000000278
-0.0000000812
0.0000017928
0.0000050572
0.0000047839
0.0000031094
0.0000026140
0.0000020089
0.0000015494
0.0000024523
0.0000035197
-0.0000002204
0.0000003469
0.0000000576
-0.0000001193
0.0000071330
0.0000092839
0.0000079951
0.0000076146
0.0000067882
0.0000043343
0.0000015572
0.0000013906
0.0000012436
0.0000032015
0.0000044562
0.0000031501
0.0000011311
0.0000002761
0.0000007749
0.0000012927
0.0000022875
0.0000054614
0.0000067059
0.0000040423
0.0000014724
0.0000003090
0.0000002249
0.0000007506
0.0000005352
-0.0000003339
0.0000029947
0.0000018272
0.0000007824
0.0000021054
0.0000022618
0.0000007129
-0.0000001757
0.0000007740
0.0000035634
0.0000021591
0.0000025990
0.0000025172
0.0000009863
0.0000009147
0.0000008745
0.0000003586
0.0000000700
0.0000005242
0.0000006280
0.0000029452
-0.0000002329
0.0000021175
0.0000098160
0.0000087092
0.0000020006
0.0000000245
0.0000003575
0.0000023231
0.0000034532
0.0000025959
0.0000018701
0.0000020454
0.0000025744
0.0000045258
0.0000048807
0.0000013717
0.0000032300
0.0000145508
0.0000168326
0.0000093640
0.0000030270
0.0000014794
0.0000026134
0.0000022162
0.0000024391
0.0000024869
0.0000012433
0.0000017146
0.0000046013
0.0000027820
0.0000010331
0.0000015323
0.0000036385
0.0000037997
0.0000014518
0.0000009181
0.0000019091
0.0000031685
0.0000035073
0.0000014647
0.0000004158
0.0000004959
0.0000019389
0.0000037301
0.0000024142
0.0000005827
0.0000001056
0.0000000488
0.0000000005
0.0000002878
0.0000006854
-0.0000000470
0.0000007825
0.0000067986
0.0000081717
0.0000074856
0.0000079969
0.0000019170
-0.0000007499
0.0000015197
0.0000006018
-0.0000001222
0.0000003689
0.0000005274
-0.0000002637
0.0000001551
0.0000000348
0.0000000237
0.0000008233
0.0000022024
0.0000017082
0.0000012043
0.0000009627
0.0000007947
0.0000009093
0.0000006669
0.0000022247
0.0000027276
0.0000000828
0.0000006193
0.0000004784
0.0000024334
0.0000074615
0.0000085022
0.0000052948
0.0000066552
0.0000054779
0.0000026228
0.0000012301
0.0000001867
0.0000012573
0.0000028887
0.0000027610
0.0000026470
0.0000025027
0.0000017530
0.0000018979
0.0000022917
0.0000027295
0.0000052334
0.0000048034
0.0000015068
0.0000001137
0.0000000362
0.0000001535
0.0000016108
0.0000034762
0.0000063477
0.0000047306
0.0000009604
0.0000008062
0.0000008737
0.0000007859
0.0000009757
0.0000031034
0.0000045867
0.0000059060
0.0000057697
0.0000055401
0.0000059297
0.0000066830
0.0000056507
0.0000037057
0.0000023579
0.0000041128
0.0000039009
0.0000012684
-0.0000001600
0.0000012122
0.0000042430
0.0000084915
0.0000113799
0.0000069342
0.0000008809
0.0000001643
0.0000001937
0.0000006046
0.0000020395
0.0000045854
0.0000060834
0.0000047558
0.0000020349
0.0000011870
0.0000004670
0.0000010636
0.0000030626
0.0000020002
0.0000017792
0.0000017344
0.0000022822
0.0000023401
0.0000015010
0.0000016806
0.0000042521
0.0000079180
0.0000044123
0.0000002859
-0.0000002097
0.0000017472
0.0000043879
0.0000033011
0.0000005000
-0.0000002441
0.0000008513
0.0000003190
0.0000003826
0.0000019171
0.0000011661
0.0000007880
0.0000014361
0.0000001719
-0.0000002100
0.0000085222
0.0000123130
0.0000098486
0.0000080857
0.0000099797
0.0000060142
0.0000018061
0.0000005071
0.0000007405
0.0000036710
0.0000064308
0.0000031952
0.0000019012
0.0000013503
0.0000027152
0.0000022994
-0.0000006196
0.0000076158
0.0000156465
0.0000096344
0.0000018192
0.0000007597
0.0000015786
0.0000043189
0.0000050389
0.0000057733
0.0000054542
0.0000018652
0.0000002089
0.0000017620
0.0000040634
0.0000032871
0.0000002659
0.0000019786
0.0000052044
0.0000049752
0.0000021470
-0.0000007772
0.0000014266
0.0000030054
0.0000021600
0.0000022496
0.0000027643
0.0000025693
0.0000014053
0.0000038372
0.0000100640
0.0000071608
0.0000045401
0.0000045289
0.0000073252
0.0000115667
0.0000097558
0.0000025427
0.0000008724
0.0000001759
0.0000000474
0.0000002653
0.0000013139
0.0000021829
0.0000008569
0.0000001708
0.0000017545
0.0000008778
0.0000011409
0.0000014142
0.0000014480
0.0000016248
0.0000027329
0.0000048285
0.0000048852
0.0000065344
0.0000076573
0.0000014505
-0.0000006872
0.0000016935
-0.0000005896
0.0000009416
0.0000054332
0.0000051706
0.0000036465
0.0000026287
0.0000008641
-0.0000001974
0.0000005427
0.0000027931
0.0000023875
0.0000006160
0.0000045792
0.0000037287
0.0000049101
0.0000055607
0.0000027738
0.0000013145
0.0000022801
0.0000042710
0.0000017231
-0.0000004677
0.0000006773
0.0000022015
0.0000051960
0.0000053212
0.0000021284
0.0000002371
-0.0000002100
0.0000004737
-0.0000003048
0.0000006739
0.0000041981
0.0000012564
0.0000008983
0.0000034934
0.0000005550
-0.0000003982
0.0000024356
0.0000054405
0.0000018336
0.0000006716
0.0000019869
0.0000049564
0.0000059131
0.0000051915
0.0000045137
0.0000010610
0.0000009857
0.0000050743
0.0000048992
0.0000022744
0.0000029154
0.0000060098
0.0000044818
0.0000021886
0.0000014207
0.0000006574
-0.0000002361
0.0000004853
-0.0000001426
0.0000003116
0.0000059628
0.0000083189
0.0000068101
0.0000046685
0.0000031568
0.0000018252
0.0000007450
0.0000009788
0.0000027987
0.0000071370
0.0000095530
0.0000058862
0.0000020513
0.0000012927
0.0000029386
0.0000034778
0.0000036486
0.0000020217
0.0000023195
0.0000038766
0.0000045291
0.0000010398
0.0000014687
0.0000018153
0.0000002178
-0.0000000715
0.0000014787
0.0000012564
0.0000023637
0.0000090677
0.0000144120
0.0000065516
0.0000010139
0.0000026157
0.0000027304
0.0000022046
0.0000031498
0.0000021119
0.0000003848
0.0000008287
0.0000010841
0.0000020568
0.0000024487
0.0000018302
0.0000020179
0.0000043181
0.0000069404
0.0000084152
0.0000081824
0.0000042213
0.0000009508
0.0000008473
0.0000022439
0.0000012326
0.0000000791
0.0000004132
0.0000003389
0.0000009869
0.0000003201
0.0000001159
0.0000033834
0.0000024253
0.0000005346
0.0000011780
-0.0000002481
0.0000032712
0.0000066797
0.0000042220
0.0000026302
0.0000021016
0.0000024761
0.0000037647
0.0000055208
0.0000054935
0.0000047126
0.0000043007
-0.0000000933
0.0000019280
0.0000041195
0.0000026218
0.0000025873
0.0000050827
0.0000023113
0.0000019311
0.0000074318
0.0000084576
0.0000049800
0.0000030674
0.0000058313
0.0000073185
0.0000063377
0.0000012996
-0.0000002159
0.0000017196
0.0000002913
-0.0000000767
0.0000035878
0.0000056491
0.0000053088
0.0000063885
0.0000078506
0.0000077388
0.0000046744
0.0000030926
0.0000026706
0.0000019060
0.0000012043
0.0000008612
0.0000019669
0.0000032720
0.0000048157
0.0000060814
0.0000030373
-0.0000002019
0.0000015907
-0.0000003962
0.0000000366
0.0000006604
0.0000023502
0.0000010610
0.0000003854
0.0000014165
0.0000020934
-0.0000005752
0.0000005413
0.0000009590
0.0000014034
0.0000032322
0.0000017339
-0.0000007801
0.0000016251
0.0000032213
0.0000031321
0.0000036900
0.0000040478
0.0000025705
0.0000012902
0.0000004328
-0.0000001070
0.0000000545
0.0000008174
0.0000019346
0.0000008911
0.0000005512
0.0000008714
0.0000026374
0.0000025046
0.0000008076
0.0000003532
0.0000014907
0.0000016558
0.0000010779
0.0000023125
0.0000054791
0.0000074175
0.0000070579
0.0000068037
0.0000083917
0.0000088099
0.0000046191
0.0000032894
0.0000030501
0.0000017895
0.0000009844
0.0000001730
0.0000002665
0.0000001488
-0.0000001050
0.0000025880
0.0000074697
0.0000073500
0.0000020090
0.0000001640
0.0000055891
0.0000111153
0.0000080942
0.0000063925
0.0000085221
0.0000046048
0.0000014896
0.0000003193
-0.0000002140
0.0000013976
0.0000011898
0.0000008895
0.0000003458
0.0000001314
0.0000023732
0.0000019873
0.0000001714
0.0000025270
0.0000082669
0.0000118170
0.0000083687
0.0000038985
0.0000018321
0.0000014883
0.0000010898
0.0000013464
0.0000020385
0.0000014977
0.0000012990
0.0000016713
0.0000006459
-0.0000002225
0.0000012699
0.0000030336
0.0000017372
-0.0000001180
0.0000010667
0.0000013237
0.0000009381
0.0000002498
0.0000001698
0.0000021416
0.0000035254
0.0000025915
0.0000015763
0.0000017269
0.0000014721
0.0000018314
0.0000025835
0.0000025224
0.0000025726
0.0000041981
0.0000036502
0.0000007312
0.0000001603
0.0000009367
0.0000005715
0.0000022083
0.0000007641
-0.0000001273
0.0000030181
0.0000048167
0.0000037115
0.0000007317
0.0000004077
-0.0000003571
0.0000009230
0.0000038067
0.0000076555
0.0000102533
0.0000100095
0.0000073539
0.0000031975
0.0000033994
0.0000023651
-0.0000005780
0.0000005561
0.0000012744
0.0000023897
0.0000029805
0.0000040839
0.0000024561
0.0000004224
0.0000002385
0.0000007863
0.0000007628
0.0000002039
0.0000001814
0.0000012395
0.0000008284
0.0000005828
0.0000058005
0.0000100771
0.0000059672
0.0000034150
0.0000035665
0.0000037144
0.0000022023
0.0000011995
0.0000013040
0.0000018034
0.0000053425
0.0000085137
0.0000083253
0.0000101375
0.0000126033
0.0000092970
0.0000076099
0.0000091934
0.0000078047
0.0000042447
0.0000013647
0.0000016140
0.0000016872
0.0000013788
0.0000002343
0.0000002471
0.0000003326
0.0000005898
0.0000009746
0.0000013275
-0.0000000522
0.0000002158
0.0000032465
0.0000018325
0.0000025958
0.0000079589
0.0000089688
0.0000041521
0.0000018101
0.0000011287
0.0000010322
0.0000009068
0.0000044260
0.0000026170
0.0000016737
0.0000065684
0.0000064078
0.0000040072
0.0000027134
0.0000028201
0.0000045278
0.0000055960
0.0000046775
0.0000029413
0.0000024692
0.0000041396
0.0000055641
0.0000052223
0.0000026601
0.0000009910
0.0000008016
0.0000015789
0.0000008845
0.0000001267
-0.0000001142
0.0000008620
0.0000045740
0.0000064128
0.0000045964
0.0000044487
0.0000105277
0.0000098023
0.0000046631
0.0000043438
0.0000055607
0.0000063334
0.0000057671
0.0000042001
0.0000024030
0.0000003730
0.0000004293
0.0000006781
0.0000000132
0.0000046872
0.0000035965
0.0000001142
0.0000016535
0.0000020871
0.0000025197
0.0000002768
0.0000046297
0.0000085634
0.0000019722
0.0000007664
0.0000015169
0.0000010552
0.0000012587
0.0000009227
0.0000000183
0.0000004903
0.0000014712
0.0000043506
0.0000034071
0.0000025582
0.0000012444
0.0000029647
0.0000035214
0.0000013363
0.0000032550
0.0000058201
0.0000045112
0.0000018552
0.0000009996
0.0000058405
0.0000075458
0.0000069632
0.0000096582
0.0000131771
0.0000093401
0.0000016170
-0.0000006983
0.0000017141
0.0000032336
0.0000034030
0.0000008627
0.0000003929
0.0000002896
0.0000013555
0.0000033914
0.0000023536
0.0000011407
0.0000001546
-0.0000000883
0.0000001341
0.0000000035
0.0000021868
0.0000044521
0.0000042453
0.0000026428
0.0000042483
0.0000016921
0.0000014379
0.0000013479
0.0000020207
0.0000083643
0.0000084367
0.0000016500
-0.0000002659
0.0000005712
0.0000018408
0.0000010614
-0.0000006237
0.0000010925
0.0000013920
0.0000009474
0.0000000928
0.0000000384
0.0000013376
0.0000039612
0.0000048670
0.0000023735
0.0000019398
0.0000011549
0.0000035044
0.0000056750
0.0000044033
0.0000044215
0.0000040558
0.0000023371
0.0000001536
-0.0000001535
0.0000003861
0.0000014709
0.0000018832
0.0000006688
-0.0000001784
0.0000003239
0.0000003296
0.0000026428
0.0000047720
0.0000036411
0.0000001123
0.0000036805
0.0000078733
0.0000089708
0.0000065026
0.0000063237
0.0000081052
0.0000049988
0.0000003919
0.0000000413
0.0000001188
0.0000018256
0.0000060271
0.0000102212
0.0000122842
0.0000114993
0.0000087682
0.0000065242
0.0000053459
0.0000063899
0.0000063212
0.0000055588
0.0000051242
0.0000043395
0.0000031034
0.0000023352
0.0000028123
0.0000039311
0.0000040960
0.0000021855
0.0000006377
0.0000005361
0.0000002887
0.0000015171
0.0000023270
0.0000002939
0.0000002053
0.0000013385
0.0000007545
0.0000007887
0.0000015863
0.0000026703
0.0000012110
0.0000000538
0.0000000132
0.0000014214
0.0000064718
0.0000061219
0.0000008263
0.0000001331
0.0000000936
0.0000044543
0.0000076133
0.0000028745
-0.0000005112
0.0000014485
0.0000021536
0.0000002535
0.0000015817
0.0000063771
0.0000085499
0.0000042624
0.0000012790
0.0000006727
0.0000004728
0.0000014022
0.0000054540
0.0000083868
0.0000090590
0.0000072605
0.0000035906
0.0000020405
0.0000022565
0.0000028560
0.0000023756
0.0000013308
0.0000011862
0.0000012826
0.0000000069
0.0000023613
0.0000062992
0.0000032474
0.0000009185
0.0000015998
0.0000024595
0.0000039862
0.0000047688
0.0000047922
0.0000028203
0.0000017613
0.0000009618
0.0000020592
0.0000013299
0.0000005287
0.0000006185
0.0000008364
0.0000027080
0.0000064145
0.0000077989
0.0000068634
0.0000067178
0.0000062315
0.0000048206
0.0000034989
0.0000032758
0.0000012492
0.0000007694
0.0000010823
-0.0000001172
0.0000016600
0.0000054298
0.0000024090
-0.0000011195
0.0000035944
0.0000081487
0.0000081856
0.0000053674
-0.0000001247
0.0000004506
0.0000006032
-0.0000002537
0.0000006998
-0.0000002715
0.0000006311
0.0000067293
0.0000072529
0.0000039482
0.0000013471
-0.0000004097
0.0000020523
0.0000013129
-0.0000004432
0.0000032636
0.0000042805
0.0000012123
-0.0000005766
0.0000011896
0.0000010565
0.0000019045
0.0000011969
0.0000032138
0.0000006693
0.0000008884
0.0000045027
0.0000032194
-0.0000000361
-0.0000001851
0.0000010782
0.0000020884
0.0000010201
0.0000016998
0.0000030332
0.0000009569
-0.0000006761
0.0000030040
0.0000063547
0.0000083974
0.0000109177
0.0000088332
0.0000065048
0.0000066968
0.0000020746
-0.0000005558
0.0000011811
0.0000055750
0.0000122418
0.0000148293
0.0000113897
0.0000061162
0.0000016087
0.0000014116
0.0000045465
0.0000075079
0.0000050133
0.0000042351
0.0000055928
0.0000032216
0.0000050932
0.0000078513
0.0000006655
0.0000002745
0.0000008606
