0.0000000000
0.0000000000
0.0000000000
0.0000000000
0.0000000000
0.0000000000
0.0000000000
0.0000000000
0.0000000000
0.0000000000
0.0000000000
0.0000000000
0.0000000000
0.0000000000
0.0000000000
0.0000000000
0.0000000000
0.0000000000
0.0000000000
0.0000000000
0.0000000000
0.0000000000
0.0000000000
0.0000000000
0.0000000000
0.0000000000
0.0000000000
0.0000000000
0.0000000000
0.0000000000
0.0000000000
0.0000000000
0.0000000000
0.0000000000
0.0000000000
0.0000000000
0.0000000000
0.0000000000
0.0000000000
0.0000000000
0.0000000000
0.0000000000
0.0000000000
0.0000000000
0.0000000000
0.0000000000
0.0000000000
0.0000000000
0.0000000000
0.0000000000
0.0000000000
0.0000000000
0.0000000000
0.0000000000
0.0000000000
0.0000000000
0.0000000000
0.0000000000
0.0000000000
0.0000000000
0.0000000000
0.0000000000
0.0000000000
0.0000000000
0.0000000000
0.0000000000
0.0000000000
0.0000000000
0.0000000000
0.0000000000
0.0000000000
0.0000000000
0.0000000000
0.0000000000
0.0000000000
0.0000000000
0.0000000000
0.0000000000
0.0000000000
0.0000000000
0.0000000000
0.0000000000
0.0000000000
0.0000000000
0.0000000000
0.0000000000
0.0000000000
0.0000000000
0.0000000000
0.0000000000
0.0000000000
0.0000000000
0.0000000000
0.0000000000
0.0000000000
0.0000000000
0.0000000000
0.0000000000
0.0000000000
0.0000000000
0.0000000000
0.0000000000
0.0000000000
0.0000000000
0.0000000000
0.0000000000
0.0000000000
0.0000000000
0.0000000000
0.0000000000
0.0000000000
0.0000000000
0.0000000000
0.0000000000
0.0000000000
0.0000000000
0.0000000000
0.0000000000
0.0000000000
0.0000000000
0.0000000000
0.0000000000
0.0000000000
0.0000000000
0.0000000000
0.0000000000
0.0000000000
0.0000000000
0.0000000000
0.0000000000
0.0000000000
0.0000000000
0.0000000000
0.0000000000
0.0000000000
0.0000000000
0.0000000000
0.0000000000
0.0000000000
0.0000000000
0.0000000000
0.0000000000
0.0000000000
0.0000000000
0.0000000000
0.0000000000
0.0000000000
0.0000000000
0.0000000000
0.0000000000
0.0000000000
0.0000000000
0.0000000000
0.0000000000
0.0000000000
0.0000000000
0.0000000000
0.0000000000
0.0000000000
0.0000000000
0.0000000000
0.0000000000
0.0000000000
0.0000000000
0.0000000000
0.0000000000
0.0000000000
0.0000000000
0.0000000000
0.0000000000
0.0000000000
0.0000000000
0.0000000000
0.0000000000
0.0000000000
0.0000000000
0.0000000000
0.0000000000
0.0000000000
0.0000000000
0.0000000000
0.0000000000
0.0000000000
0.0000000000
0.0000000000
0.0000000000
0.0000000000
0.0000000000
0.0000000000
0.0000000000
0.0000000000
0.0000000000
0.0000000000
0.0000000000
0.0000000000
0.0000000000
0.0000000000
0.0000000000
0.0000000000
0.0000000000
0.0000000000
0.0000000000
0.0000000000
0.0000000000
0.0000000000
0.0000000000
0.0000000000
0.0000000000
0.0000000000
0.0000000000
0.0000000000
0.0000000000
0.0000000000
0.0000000000
0.0000000000
0.0000000000
0.0000000000
0.0000000000
0.0000000000
0.0000000000
0.0000000000
0.0000000000
0.0000000000
0.0000000000
0.0000000000
0.0000000000
0.0000000000
0.0000000000
0.0000000000
0.0000000000
0.0000000000
0.0000000000
0.0000000000
0.0000000000
0.0000000000
0.0000000000
0.0000000000
0.0000000000
0.0000000000
0.0000000000
0.0000000000
0.0000000000
0.0000000000
0.0000000000
0.0000000000
0.0000000000
0.0000000000
0.0000000000
0.0000000000
0.0000000000
0.0000000000
0.0000000000
0.0000000000
0.0000000000
0.0000000000
0.0000000000
0.0000000000
0.0000000000
0.0000000000
0.0000000000
0.0000000000
0.0000000000
0.0000000000
0.0000000000
0.0000000000
0.0000000000
0.0000000000
0.0000000000
0.0000000000
0.0000000000
0.0000000000
0.0000000000
0.0000000000
0.0000000000
0.0000000000
0.0000000000
0.0000000000
0.0000000000
0.0000000000
0.0000000000
0.0000000000
0.0000000000
0.0000000000
0.0000000000
0.0000000000
0.0000000000
0.0000000000
0.0000000000
0.0000000000
0.0000000000
0.0000000000
0.0000000000
0.0000000000
0.0000000000
0.0000000000
0.0000000000
0.0000000000
0.0000000000
0.0000000000
0.0000000000
0.0000000000
0.0000000000
0.0000000000
0.0000000000
0.0000000000
0.0000000000
0.0000000000
0.0000000000
0.0000000000
-0.0002810270
-0.0005865930
-0.0016198000
-0.0011497900
0.0003016460
0.0004486120
0.0001612670
-0.0008783430
-0.0020542200
0.0005364870
0.0007499300
0.0004903890
0.0021465700
0.0002223160
-0.0051679700
-0.0017219700
0.0005298380
0.0021976300
0.0001058300
-0.0006787190
-0.0004731520
-0.0005707400
0.0001409830
0.0014896600
0.0015211000
0.0010074600
0.0001051000
-0.0002570460
-0.0000304675
-0.0006828490
-0.0007663670
0.0009734270
0.0000780825
-0.0000112661
0.0009570080
0.0009181300
-0.0007735300
-0.0025908700
0.0005544090
-0.0009908520
-0.0028750400
-0.0041028700
-0.0006651930
0.0008056680
0.0046339600
0.0013988000
0.0013993300
0.0018072300
0.0015010500
0.0003405610
-0.0001685750
-0.0004335720
-0.0003955380
0.0003041540
0.0009741810
0.0006437560
0.0003238040
-0.0027034500
0.0001561720
0.0013036300
0.0011238300
0.0004292480
-0.0003595450
-0.0003489490
-0.0059935800
-0.0004032260
-0.0006124700
-0.0019527200
0.0020451900
0.0008891390
-0.0002744920
-0.0048362200
-0.0000559965
0.0013761700
0.0039886100
0.0001654240
-0.0007735840
-0.0013434000
-0.0004304490
-0.0014393200
-0.0036322100
-0.0013073300
0.0006191720
0.0006618960
0.0005092230
0.0000802345
-0.0003613300
0.0002286510
0.0012338100
0.0024680000
0.0006323650
-0.0033150000
-0.0007045250
-0.0007930020
-0.0021951700
-0.0001080890
0.0000989631
0.0002793790
0.0003627580
0.0002989320
0.0007275440
0.0008611330
-0.0007497600
-0.0011765000
-0.0002307650
0.0006294780
0.0023059900
-0.0044398000
-0.0004638880
-0.0000800375
0.0011097000
0.0004474880
-0.0015058900
-0.0054866600
-0.0006052620
0.0012380900
0.0021262000
0.0004210540
-0.0008688350
-0.0013909300
-0.0029777000
-0.0021657300
-0.0015985100
-0.0002417520
0.0007150350
-0.0008954840
-0.0007783830
0.0001289210
-0.0006366040
-0.0014601400
-0.0003518140
0.0001684880
0.0001479650
-0.0002479740
0.0006252570
0.0005850930
-0.0008317080
0.0003788740
0.0012200500
0.0015356000
0.0020383000
0.0012823400
-0.0003032270
-0.0005204610
-0.0004450800
-0.0041891000
-0.0019967100
-0.0040792000
-0.0013915400
-0.0006724750
-0.0060151100
-0.0005660420
-0.0024679500
-0.0035328400
0.0000574832
0.0025161700
0.0017224700
0.0011156800
0.0019084900
0.0039362500
0.0003629270
-0.0049398600
-0.0005755970
0.0001369340
0.0015224300
-0.0020606300
-0.0021410300
-0.0003174040
0.0000187622
0.0011642600
0.0058970500
0.0011641900
0.0002486390
-0.0000317868
0.0004222370
0.0007274910
0.0005253450
0.0005174170
-0.0002826030
-0.0011490000
-0.0003555510
0.0019552800
0.0016286600
-0.0028553000
-0.0027031100
0.0004139060
0.0007031400
-0.0038310500
-0.0027276000
-0.0014969400
-0.0017609400
-0.0003737610
-0.0005248490
-0.0005992010
0.0001020410
0.0003560430
-0.0000926206
-0.0001803900
0.0009286260
0.0019811100
0.0004201060
0.0001295570
0.0000951005
-0.0003940100
-0.0050720900
0.0001900620
0.0034259500
0.0004042380
-0.0005428340
0.0002491290
0.0008509900
0.0006422590
0.0010745200
0.0025602500
-0.0060305700
0.0013614900
0.0011566900
0.0000010283
-0.0001414390
0.0009045310
0.0007413450
0.0000725390
0.0001713500
0.0002182900
0.0000420305
-0.0008855350
-0.0014757400
0.0009707950
0.0006948000
0.0007530160
0.0008789620
0.0000798423
-0.0005194700
-0.0001421790
0.0000883692
-0.0012501300
-0.0017567400
-0.0012779800
-0.0005788670
-0.0002524930
0.0034926300
-0.0005118790
0.0026450400
0.0007694820
-0.0008314270
-0.0016856400
-0.0009112260
0.0005005150
0.0008228670
0.0007734500
0.0002599840
-0.0010991800
-0.0010722500
0.0008465860
0.0008429540
-0.0000612363
-0.0002266070
-0.0003558810
-0.0003507440
-0.0000819644
0.0024860000
0.0008634990
-0.0028387200
-0.0012782700
0.0019096000
0.0009052130
-0.0004351950
0.0005006380
0.0012777200
-0.0015856800
-0.0009847330
0.0012804500
0.0013103900
0.0002604530
-0.0004994020
-0.0012965900
-0.0010695700
-0.0005087480
0.0007027150
0.0009559260
0.0008715450
0.0008825480
-0.0009095890
-0.0010771100
0.0000066682
0.0010480100
0.0009974600
0.0005425610
0.0013031700
0.0025793500
0.0006812230
-0.0000590909
-0.0015292500
-0.0008913260
-0.0004250120
0.0000518223
0.0024164500
0.0006355990
-0.0002356830
-0.0002688370
-0.0006206890
0.0055274200
-0.0001493340
0.0016012900
0.0013581000
0.0002225400
0.0015420000
0.0016133200
0.0011557800
0.0008953660
-0.0003217170
0.0003373050
0.0007707680
0.0000286099
-0.0007886270
-0.0015908100
0.0004019390
0.0009581510
-0.0005622830
-0.0008563630
-0.0010420300
-0.0021148000
0.0026445200
0.0035297600
0.0006622760
0.0012222500
0.0030765600
0.0020486900
0.0055694900
0.0004175790
0.0000987133
-0.0000762235
-0.0024224500
-0.0004158850
0.0014314600
0.0025938300
0.0006446760
0.0005218180
0.0005799360
-0.0002219950
-0.0010548000
-0.0001637350
-0.0002599720
-0.0006133750
0.0024338800
0.0020487900
0.0001123090
0.0017501000
0.0037816300
0.0016477900
0.0010573300
0.0010713700
-0.0003113100
-0.0010074600
-0.0006489840
-0.0010793300
-0.0004536040
0.0008872940
0.0050073800
-0.0025907000
-0.0002402100
0.0002470610
0.0000694132
0.0059842500
0.0000198016
-0.0020422200
-0.0016073200
-0.0029596500
-0.0023288400
-0.0005535100
0.0001998300
0.0007797520
0.0016687500
0.0055310000
0.0012969200
0.0013644100
0.0026984700
0.0020358800
0.0034793400
-0.0001515110
-0.0026880600
-0.0015370000
-0.0001297000
-0.0010422500
-0.0015148100
0.0002444110
0.0003177060
-0.0000182756
-0.0003282630
-0.0009606220
-0.0006929610
0.0002539770
0.0045867500
0.0010976500
-0.0014316300
-0.0021011800
-0.0002023630
-0.0005464990
-0.0014504100
-0.0057322600
-0.0006395010
0.0006390400
0.0000138234
-0.0029523200
-0.0015228600
-0.0025477800
-0.0011328800
-0.0021617900
-0.0013252300
-0.0011593300
-0.0011795700
-0.0000041826
0.0003933430
-0.0054250400
-0.0013221500
-0.0006283050
0.0002790290
0.0006190690
-0.0011832200
-0.0011355000
0.0006991600
0.0003120630
-0.0003083410
0.0000304204
0.0003964350
0.0062768800
0.0010235000
0.0049766500
-0.0003595780
-0.0010569600
-0.0010576600
0.0005425040
0.0015606100
0.0001470240
0.0001670030
0.0006800390
0.0001098340
-0.0007794240
0.0008055670
-0.0001597680
-0.0016877800
-0.0021492500
0.0001917670
0.0012218100
0.0006755890
0.0006115070
-0.0003696890
-0.0000693535
0.0010977700
0.0003116500
-0.0004386340
-0.0006081770
-0.0001579110
0.0002906350
0.0002475440
0.0021872900
0.0035942900
-0.0007259520
-0.0047572400
-0.0019057600
-0.0003163140
-0.0002293160
-0.0000326647
0.0011553100
-0.0003843300
-0.0006766370
0.0000048990
0.0002723740
-0.0002087230
-0.0004594170
0.0009645610
0.0010503000
0.0005695280
0.0001453580
-0.0006854380
-0.0010258800
-0.0027891300
-0.0008503370
0.0018898300
0.0013315300
0.0013392500
0.0007859140
-0.0003149720
-0.0017556100
-0.0009643240
0.0004026980
0.0007671620
-0.0001663260
-0.0001102340
0.0004105970
0.0000056005
-0.0005522970
0.0002909170
-0.0003587810
-0.0012638100
-0.0000428961
0.0008021160
0.0009435310
-0.0033359200
0.0004528870
0.0008879070
0.0021251700
0.0013755500
-0.0005008220
-0.0018163300
-0.0007400660
0.0000411807
0.0001694560
0.0003430070
0.0001682530
-0.0004148830
-0.0006721330
-0.0001886960
0.0000314789
-0.0008499050
-0.0009664290
-0.0059858700
0.0054522200
0.0001772780
-0.0002905730
-0.0001562250
0.0000739808
0.0003918940
0.0009243380
0.0006432150
0.0009677380
0.0015011400
0.0005098380
0.0002458220
-0.0003192350
-0.0023897800
-0.0033879200
-0.0004560110
0.0015236300
0.0020296000
-0.0009480330
-0.0006527890
0.0000307368
0.0054062000
0.0020115200
-0.0004988650
-0.0013369900
0.0003754900
-0.0000409534
-0.0005167420
-0.0001150270
0.0032277400
0.0023092900
0.0010996600
0.0014388400
0.0009571710
0.0005609300
0.0009293060
0.0007686480
-0.0000487923
0.0006917940
0.0021295600
0.0018753600
-0.0006013540
-0.0004830690
-0.0004851420
-0.0009660850
0.0002547240
0.0014165800
0.0008345670
0.0009393190
-0.0000030016
-0.0014325100
-0.0028417800
-0.0010133300
0.0000780807
0.0008949950
0.0011811000
-0.0064229800
0.0008517910
0.0020397300
0.0004601930
-0.0000813645
-0.0001489920
-0.0013814700
-0.0003280740
0.0003083820
0.0029420900
0.0010334700
-0.0005745800
-0.0014856400
-0.0011646900
-0.0002651450
0.0016848700
0.0014334600
0.0006874900
0.0004073560
-0.0004557270
-0.0002599260
-0.0004150680
-0.0011579600
-0.0006215990
-0.0001665950
0.0001615700
0.0006516350
0.0000845127
-0.0002814990
-0.0001635640
0.0002792520
0.0005556960
0.0010659200
-0.0009183380
-0.0032368800
-0.0011668100
0.0012989500
0.0018403300
0.0004368340
0.0006392400
-0.0000090674
-0.0002803590
-0.0011876000
-0.0036319800
0.0022596300
0.0014382200
-0.0005360400
-0.0000432907
0.0013348400
0.0007249100
0.0000017540
-0.0007341680
-0.0011131600
-0.0010619400
-0.0000119421
0.0006152870
-0.0000714452
-0.0000407297
0.0003740570
-0.0003037830
-0.0001607100
0.0007651290
0.0008014850
-0.0013422200
-0.0012467700
0.0018520400
0.0002235870
-0.0003149500
-0.0008776080
-0.0012695000
0.0001282700
0.0017227400
0.0034282600
0.0015512900
0.0016800700
0.0005127700
0.0009521180
0.0000049788
-0.0007550670
0.0003734020
0.0002871270
-0.0006850320
0.0005826180
0.0006332710
-0.0004885080
-0.0009014500
-0.0008003960
-0.0002459650
-0.0000787225
0.0002108050
0.0009836300
0.0004863660
0.0001979200
0.0014146900
-0.0042873500
0.0022325200
0.0010492600
-0.0011675400
-0.0009456400
0.0003645740
-0.0003350930
-0.0022527000
-0.0028731300
-0.0013975300
-0.0021851700
-0.0015439200
-0.0021097300
-0.0019470700
-0.0026017800
-0.0000530377
0.0019606600
0.0004738560
0.0000595872
0.0003016500
0.0007854000
0.0001119850
-0.0005283660
-0.0006229850
-0.0006792870
-0.0000168995
0.0006852080
0.0002741440
-0.0001171380
-0.0002763890
-0.0004581530
-0.0009524010
-0.0011593800
-0.0009437710
-0.0011821500
0.0006984090
0.0026325600
0.0000376223
-0.0005206820
-0.0002369860
0.0008098400
0.0039039300
0.0065669200
0.0009843220
0.0006468580
-0.0000566314
-0.0017353500
-0.0008821850
-0.0064114600
-0.0009341650
-0.0009362920
-0.0002715890
-0.0000071722
-0.0009493190
-0.0009896030
0.0000058035
0.0004433410
0.0003055580
-0.0035658200
-0.0001872200
0.0015983100
0.0013870000
0.0005780750
-0.0003583500
-0.0008338100
-0.0011729000
-0.0014940600
0.0008743790
0.0038174600
-0.0007492990
-0.0004985430
0.0006152160
0.0007835150
-0.0008596980
-0.0019867700
-0.0000531142
0.0017986300
0.0003180500
-0.0007786300
-0.0004367130
0.0005381900
0.0007129190
-0.0003496840
0.0025209500
0.0004658510
0.0002619220
0.0022364400
0.0026513400
0.0029050200
0.0012767600
0.0004984320
-0.0003469210
-0.0021042100
-0.0018590100
0.0024537700
0.0002083550
0.0000616368
0.0007553020
-0.0002577510
-0.0001162370
0.0011562800
0.0005360430
-0.0002808070
-0.0005345780
-0.0015726000
-0.0002590650
0.0004696050
0.0014590600
0.0000215254
0.0001690850
-0.0001626410
-0.0006317060
-0.0000656943
-0.0002430880
-0.0007236080
-0.0003172680
0.0005817510
0.0010738200
0.0005789650
-0.0000918749
-0.0004537940
0.0002903720
0.0000007860
-0.0007931130
-0.0009740900
-0.0005177470
0.0000258864
-0.0000438131
-0.0001606930
-0.0005604850
-0.0057386800
-0.0004987480
0.0004984100
0.0021526400
0.0041985200
0.0010330400
0.0006477940
-0.0004010810
-0.0026398400
-0.0010815800
0.0004849420
0.0007292900
0.0015827200
0.0012558400
0.0000343864
-0.0000867542
-0.0001120260
-0.0005958070
-0.0004776340
0.0000044795
-0.0007790390
-0.0014096100
-0.0032513200
-0.0018660100
-0.0001853670
-0.0001827410
-0.0055370600
-0.0022433000
-0.0009394610
-0.0008854500
-0.0004652510
0.0014881600
0.0029057900
0.0002731220
-0.0029833000
-0.0010077500
0.0004148360
-0.0000607553
0.0003941430
0.0002608360
-0.0004784000
0.0004800760
0.0014305200
0.0001035690
-0.0010718200
-0.0031692600
-0.0013800500
-0.0004113200
0.0003647770
0.0011831100
0.0009152470
0.0004207000
0.0016932100
0.0008541480
-0.0001426380
-0.0012173500
-0.0009790450
0.0000071296
-0.0000050128
-0.0007638650
-0.0011309400
-0.0008073920
-0.0003622260
-0.0001373800
0.0019006300
0.0033892000
0.0000849260
0.0003563370
0.0004471360
0.0002008520
0.0006206230
0.0014940500
-0.0005888290
-0.0011844500
-0.0015402500
-0.0013562900
0.0003264160
0.0024161400
0.0006808320
0.0000668096
0.0018711300
0.0012000700
-0.0003557130
-0.0001445510
0.0002137440
0.0016087200
0.0014749500
-0.0002403840
-0.0019967100
0.0003470120
0.0001595100
-0.0004805140
-0.0003065260
0.0023344000
0.0018866400
-0.0027320600
-0.0008229150
-0.0003911130
-0.0021497500
-0.0012782000
0.0015541300
0.0039485000
-0.0002538900
-0.0003100280
0.0002682880
0.0003693050
-0.0004420370
-0.0032773400
-0.0018308600
-0.0000140949
0.0011413000
0.0001617860
-0.0019417900
-0.0013408700
-0.0000337572
-0.0019020500
-0.0024036500
0.0042956900
0.0005659560
-0.0000267953
0.0002120670
0.0005197830
0.0006293250
0.0005708250
-0.0000062581
-0.0005933440
-0.0010849100
0.0000325642
0.0012162600
0.0000651337
0.0007914360
0.0021562100
-0.0004233380
-0.0040307500
-0.0014383100
-0.0008916870
0.0039879100
0.0009887530
0.0003997630
-0.0005283280
-0.0014366100
-0.0013983800
-0.0011583200
0.0002975310
0.0039398400
-0.0009276100
-0.0010616300
0.0018844300
0.0006373090
-0.0009638370
-0.0062864400
0.0000310685
0.0011332800
0.0013165700
0.0006071450
0.0007356970
-0.0010559000
-0.0035943800
-0.0003865490
0.0005659710
0.0016271900
0.0019313100
0.0005594510
-0.0000240622
0.0000780632
0.0001245680
0.0000959756
0.0006412370
0.0013701500
0.0005273230
0.0003038580
-0.0003425220
-0.0010261900
-0.0018137200
-0.0022038900
-0.0003672980
0.0005103810
0.0003342300
-0.0013908900
-0.0004154470
-0.0009991400
-0.0013128200
-0.0002563240
-0.0000272501
-0.0005518880
-0.0005256350
0.0002224900
-0.0000106436
-0.0008428830
-0.0004601530
0.0045406700
0.0006242610
-0.0016914400
-0.0019678600
-0.0007535160
-0.0005628790
0.0000118937
0.0016546900
0.0004979390
-0.0002606010
-0.0017993800
-0.0010438400
0.0003732410
0.0004464130
0.0012663900
0.0008559460
-0.0002139800
-0.0009624270
-0.0005126800
0.0002980680
0.0006678260
0.0054747000
0.0002207660
-0.0028833700
-0.0040873300
-0.0006718200
0.0004048680
0.0023671900
-0.0003815750
-0.0006115310
0.0001275530
-0.0004341510
-0.0013950200
-0.0004372190
-0.0004483160
-0.0005216280
0.0001174490
0.0010186700
0.0006176330
-0.0007837930
-0.0017747900
-0.0010470800
0.0008846880
0.0009751710
0.0005734930
0.0001126410
-0.0011438100
-0.0013965800
-0.0013468200
-0.0007091480
0.0003345080
-0.0065296500
-0.0000835624
-0.0005138360
-0.0022853700
-0.0007148080
0.0001441110
0.0002546250
-0.0004061700
-0.0007631540
0.0005677270
0.0031598600
-0.0038402500
0.0000682206
0.0002901300
-0.0000750130
-0.0009100200
-0.0010099700
-0.0002440420
0.0003507750
0.0021829400
0.0032323500
-0.0021957400
-0.0006859630
0.0002451740
-0.0004244920
-0.0005201200
-0.0001014670
-0.0000779681
0.0002890340
0.0006961660
0.0002809340
-0.0015795100
-0.0022376400
0.0013398300
0.0027638900
0.0007729310
-0.0000717790
-0.0016668100
-0.0014545300
0.0002292180
0.0008905350
0.0021568400
0.0016950600
-0.0006660070
-0.0028857700
-0.0027179600
-0.0005485770
-0.0000504654
0.0004125960
-0.0008609690
-0.0058508800
-0.0031755000
0.0000291409
0.0000404273
-0.0056127700
0.0002693630
0.0017361900
0.0015350900
-0.0002305270
0.0002928600
0.0006910230
-0.0010120400
-0.0008549420
-0.0002067060
-0.0009806150
-0.0009325600
0.0000113348
0.0013342400
0.0010824000
-0.0000708056
-0.0005435150
0.0002049500
0.0015753400
-0.0000140660
-0.0014906500
-0.0006463400
-0.0000817165
-0.0000886095
-0.0011091700
-0.0002175460
0.0012220100
0.0000255428
-0.0002314000
-0.0001159710
-0.0002127680
-0.0004382170
-0.0008752770
-0.0010579400
0.0007865420
0.0017245700
0.0035771900
0.0035597800
0.0008670540
-0.0042290700
-0.0004082660
-0.0009263130
-0.0002797620
0.0035947700
0.0023620300
0.0006271130
0.0013391500
0.0019770800
0.0002997080
-0.0001502800
-0.0010304100
-0.0002935270
0.0004442710
0.0029904700
0.0014691800
-0.0001245460
-0.0030857000
-0.0001882590
0.0002995970
-0.0007662340
-0.0008460180
-0.0001616990
-0.0004524960
-0.0002672770
0.0007138190
0.0031664500
0.0020976100
0.0047121000
0.0012504400
-0.0002829090
-0.0006947290
0.0009490120
0.0005145440
0.0003331600
0.0004791500
-0.0006835620
-0.0010780800
0.0000430623
0.0001836970
-0.0000487350
-0.0004627060
-0.0004257600
-0.0000618703
0.0002459360
0.0030518800
0.0021403500
-0.0021802500
-0.0017560400
-0.0004145430
-0.0002456400
-0.0003415520
-0.0002263360
-0.0002999720
0.0002936930
0.0007662260
0.0013327700
0.0010810400
-0.0006662400
-0.0010368200
0.0009206940
0.0012354000
-0.0002792020
-0.0025511900
-0.0005562550
-0.0000197187
-0.0001330380
-0.0046934900
0.0006972740
0.0019539000
0.0001953710
0.0002802960
0.0006319090
0.0000579212
0.0007962440
0.0022612100
-0.0025605300
-0.0007931630
-0.0007186210
-0.0011228900
-0.0016262200
-0.0012720400
0.0001868540
0.0042371500
0.0000063874
-0.0006334680
-0.0004869380
0.0000475009
0.0004248830
0.0006051540
0.0007235750
0.0000333549
-0.0007768080
0.0008636540
0.0002793430
-0.0004645050
-0.0005660380
-0.0013733700
-0.0015624700
0.0003525060
0.0009682430
0.0005920480
0.0001853760
0.0000203926
0.0001357380
0.0001302760
-0.0002650450
-0.0007480020
-0.0007151610
-0.0008455120
-0.0008192420
0.0011864000
-0.0003082910
-0.0055468200
-0.0024814600
-0.0000621734
0.0003485930
-0.0025271600
-0.0018128300
-0.0001767840
0.0000042314
0.0016040400
0.0010327000
0.0002196560
0.0002350670
-0.0000376234
0.0000568310
0.0002646370
0.0007733860
0.0005853220
-0.0001070860
-0.0004919770
-0.0033798600
0.0043488500
0.0003698050
0.0003262930
-0.0002785070
-0.0017001400
-0.0007567670
0.0011252100
0.0010748400
-0.0001355420
-0.0020322300
-0.0031904500
0.0052916200
0.0000977333
-0.0010630500
-0.0020068900
-0.0000778039
0.0023712300
0.0000153812
-0.0005960850
-0.0003275430
0.0002636940
0.0000258918
-0.0002823610
-0.0000381343
-0.0004225020
-0.0003924510
0.0045642900
0.0018069300
0.0004543150
0.0010944000
-0.0005352550
-0.0028879500
0.0006468610
0.0024211100
0.0058732900
0.0014926100
0.0005074550
-0.0003500360
-0.0005407790
0.0010973400
0.0026468600
0.0037393800
-0.0038476400
-0.0000120241
0.0001736810
-0.0007390140
-0.0018489500
-0.0035721600
-0.0020895900
-0.0002722280
-0.0002349010
-0.0040287200
-0.0012150400
0.0000067525
-0.0001288600
0.0008560660
0.0007119500
-0.0009581460
-0.0023611100
-0.0022216500
-0.0009996010
0.0007679790
0.0064848000
0.0010703900
-0.0000038615
0.0000493459
0.0006285120
-0.0009827460
-0.0006077000
0.0006933540
0.0007642770
0.0000749982
-0.0011213700
-0.0009016280
-0.0009824170
-0.0008802780
0.0001445090
0.0002227160
-0.0029867700
-0.0003004730
0.0034765900
0.0001776150
0.0007321230
0.0018249700
-0.0001551820
0.0000435267
0.0010131200
0.0014216500
0.0002081440
-0.0003193920
0.0000772131
0.0000908294
-0.0003388310
-0.0029440600
0.0000050421
0.0006732360
0.0004232860
0.0030900400
0.0025348000
0.0025109000
0.0017041000
0.0007318270
0.0007600900
0.0002696170
-0.0001745130
-0.0000757834
0.0020230300
0.0011872500
-0.0008767600
-0.0006050630
0.0006541180
0.0014200700
0.0004600670
-0.0003919170
-0.0004103670
-0.0001618380
-0.0003504470
-0.0006682390
-0.0010197300
-0.0009896830
-0.0001475710
0.0009575500
0.0004414380
-0.0000441963
-0.0000308438
0.0028235700
0.0024394300
-0.0013489900
-0.0002897140
0.0010002200
0.0006403310
-0.0001308060
-0.0013417200
-0.0028546900
-0.0005371160
0.0006317570
0.0000593573
0.0000353335
-0.0000861926
-0.0001811000
0.0001098860
-0.0003312160
-0.0013364100
-0.0004851950
-0.0000135015
0.0006544200
0.0030545600
0.0007856460
-0.0004019390
-0.0010084800
-0.0010743300
0.0007176610
0.0017127900
-0.0003811340
-0.0008772220
0.0017418100
0.0002915230
-0.0022798700
-0.0001037860
-0.0006010620
-0.0008424420
0.0001054260
0.0015012500
0.0006191590
0.0000943188
0.0001222520
-0.0000957494
-0.0001019470
0.0010341900
0.0005045790
-0.0011044500
0.0008292100
0.0017133100
-0.0008570150
-0.0026096500
-0.0004284090
0.0005857750
0.0002654100
-0.0001065060
-0.0005355610
-0.0000871193
0.0008384220
0.0007229400
-0.0003248350
-0.0011890400
-0.0001080350
0.0000134490
-0.0007391330
0.0009062810
0.0006150470
-0.0014912500
-0.0012880500
0.0009494750
0.0039802900
-0.0002109930
-0.0026297000
-0.0016041600
-0.0006115270
-0.0002014290
0.0014463700
0.0013738500
-0.0001618810
-0.0005094960
-0.0005920230
-0.0003452140
0.0002717200
0.0004095230
-0.0008446330
-0.0006187280
0.0013896100
0.0010713200
-0.0004144220
-0.0003270820
0.0004333220
-0.0002730030
-0.0001134460
-0.0001644030
0.0000384946
0.0009754320
0.0009858480
0.0002381620
-0.0005022610
-0.0025047400
-0.0019409900
0.0019029000
0.0023661100
-0.0000100448
-0.0006840680
-0.0037127700
-0.0048184300
-0.0024545200
-0.0005954910
0.0002749520
-0.0000996176
-0.0007764990
-0.0001977660
0.0005722960
0.0002710760
-0.0023317900
-0.0007789970
0.0003051600
0.0015741400
0.0006372720
-0.0007935260
0.0000576913
0.0020188300
0.0059159400
0.0028503100
-0.0001122310
-0.0017191400
0.0000316625
0.0014314100
0.0024727900
0.0009182430
0.0002524020
-0.0001251820
-0.0007379320
-0.0001014240
0.0019451100
-0.0004168960
-0.0002402720
0.0001004600
0.0001039600
0.0003859090
0.0004610000
-0.0005282970
-0.0022030100
-0.0005173190
0.0020838700
-0.0001550880
-0.0011295300
-0.0007079870
0.0013179100
0.0031725200
0.0002284920
-0.0001441180
-0.0012970500
-0.0011241700
0.0004928700
0.0002133490
-0.0012520900
-0.0014200100
0.0000539759
0.0005887500
0.0004269410
0.0007522050
0.0012153700
-0.0003196360
-0.0018192300
-0.0006986290
0.0007791370
0.0003043580
-0.0002752350
-0.0006403880
-0.0002982220
0.0000927524
0.0002496790
0.0009856790
0.0026853200
0.0029969000
0.0000624376
-0.0054820000
0.0001701210
0.0007442940
0.0016974200
0.0011606300
0.0004425000
-0.0001385810
-0.0004370110
-0.0000723337
-0.0014579600
0.0008388090
-0.0005491280
-0.0016197000
0.0001005070
0.0001320140
-0.0000894516
-0.0002298870
-0.0006553150
-0.0004494960
-0.0000087952
0.0001362820
0.0000810823
-0.0003847510
0.0055060500
-0.0014497000
-0.0029327400
0.0001996900
0.0010595400
-0.0000841365
-0.0000230817
0.0002505810
0.0002182850
0.0002878080
0.0003296410
0.0003137180
0.0005657140
0.0009044500
0.0008016250
0.0002532360
-0.0006721400
-0.0041209700
0.0008330430
0.0011121400
0.0006474920
-0.0016252000
-0.0001498940
0.0013043400
-0.0006737900
-0.0011291800
0.0002157510
0.0002604890
0.0003229280
0.0004918240
-0.0002050040
-0.0017406400
-0.0006995610
0.0025436000
0.0013945000
0.0007160540
0.0010288900
0.0001752600
-0.0000293689
0.0015462600
0.0050237800
0.0018589300
0.0030775000
0.0004842660
-0.0001600350
-0.0018395500
-0.0015478300
-0.0000876525
0.0009847010
0.0017669700
0.0020822500
0.0004657800
-0.0003870190
0.0002185320
0.0054608900
0.0019492400
0.0020735200
-0.0003908130
-0.0010815200
-0.0005697090
-0.0003930150
-0.0000986267
-0.0003718580
-0.0000085281
0.0006664320
0.0013141600
0.0003682740
-0.0016932100
0.0047752900
0.0026690800
0.0008933070
0.0018385300
0.0030982500
0.0020101700
0.0017325700
-0.0001434120
-0.0024201000
-0.0033863300
-0.0011562700
-0.0004271320
0.0001208570
0.0003236480
0.0008117370
0.0001092910
-0.0003978400
-0.0002544070
0.0005997490
0.0010196300
-0.0011241700
-0.0009254480
0.0015342500
0.0018981400
0.0001651990
-0.0011869000
-0.0013254000
-0.0001007680
0.0000667021
0.0008586710
0.0018390600
0.0003678660
-0.0002055060
-0.0002879520
-0.0003181130
-0.0000393515
0.0009126420
0.0010272100
-0.0004546160
-0.0003142410
0.0003983520
-0.0002250620
-0.0003810060
0.0001445300
0.0002351830
-0.0006269300
-0.0000991338
0.0008605910
0.0009040730
-0.0002917210
-0.0005877250
0.0000328100
0.0009099510
0.0053694100
0.0011471400
0.0046855100
0.0008946160
0.0003630730
-0.0000038254
0.0000627550
0.0006284380
0.0009962310
0.0007726390
-0.0002114210
-0.0006607570
0.0014205400
0.0019898200
-0.0002136760
-0.0008870080
-0.0031209500
-0.0020764900
-0.0028481300
0.0014080200
0.0026879100
0.0003421900
-0.0013507400
-0.0028275800
-0.0006790770
-0.0009481150
-0.0006546440
0.0000060294
0.0003750650
0.0007839860
0.0022429500
0.0006049810
-0.0010038900
-0.0009473160
-0.0007733330
0.0029774200
-0.0010872500
0.0003476420
0.0012810100
0.0006783600
0.0000890219
-0.0006270460
0.0000054917
0.0001838660
0.0019768600
0.0018398700
0.0004587400
0.0001422020
-0.0004987780
-0.0006481550
-0.0006109470
-0.0007196100
-0.0003869680
-0.0000173983
-0.0002761130
0.0000450953
0.0012916800
0.0007501710
-0.0000184126
-0.0002033480
-0.0000234959
0.0002161190
-0.0001240790
-0.0049471500
-0.0019523700
-0.0018390500
-0.0047563100
-0.0000819349
0.0016409900
0.0003944160
-0.0010003700
-0.0007096080
-0.0010603100
-0.0037174500
-0.0022144500
-0.0015200200
-0.0000297723
-0.0000764899
-0.0000414675
0.0001293550
0.0010505100
0.0011418200
-0.0005145910
-0.0004554150
0.0004545070
-0.0000771347
-0.0005063910
0.0008724030
0.0006228230
-0.0010829100
0.0001300710
0.0014890200
0.0024224000
0.0013304000
-0.0010216900
-0.0012134600
-0.0004683690
-0.0007902520
-0.0004871720
0.0007990620
0.0007846400
0.0003395500
0.0006920920
0.0008811100
0.0002744300
-0.0011026600
0.0021077500
0.0014330800
0.0011322300
0.0056024600
0.0000241212
-0.0026029600
-0.0011836200
-0.0006471340
-0.0004077590
0.0005631370
0.0023920500
-0.0007587380
-0.0000957358
0.0003518750
0.0002817330
0.0002097230
0.0005423100
0.0006556240
0.0009439420
0.0017305300
0.0003188540
0.0000478454
0.0004311130
0.0006748240
-0.0040534700
0.0002213640
0.0002004660
0.0008652070
0.0012672700
0.0007847130
-0.0001793860
-0.0003673350
-0.0001135690
0.0001721840
0.0004774560
0.0010906600
0.0007550030
0.0002812740
0.0001511890
0.0001048300
0.0001687680
0.0001231790
-0.0017317000
-0.0010485500
-0.0012808800
0.0018804900
0.0018114500
0.0006164580
0.0016024700
0.0011940300
0.0005364840
-0.0010181700
-0.0027747400
-0.0001110010
0.0001428400
0.0005359810
-0.0000805219
0.0012339400
0.0026023600
0.0006449750
-0.0007169390
-0.0003741110
0.0006333140
0.0001360500
-0.0004193530
-0.0003167590
-0.0002928090
0.0001703650
0.0009639110
0.0011248700
0.0014820100
0.0009880450
0.0010971200
-0.0038315500
0.0016445700
0.0004391230
0.0010380900
0.0009771230
-0.0000436503
-0.0013386900
-0.0000214375
0.0016327400
0.0012874900
0.0031095100
0.0010317000
0.0054633300
-0.0008056280
-0.0022498700
-0.0044660500
-0.0038982700
-0.0009766400
0.0010982000
0.0039689900
0.0005083670
-0.0000608292
-0.0045095100
0.0001181690
0.0008844810
0.0006820360
0.0006310640
-0.0005420710
-0.0007927420
-0.0005516960
-0.0018445100
0.0008951190
0.0006701990
0.0005407680
0.0014246200
0.0005808420
-0.0004529490
-0.0009029960
-0.0005206310
-0.0005439030
-0.0009268890
-0.0003901810
-0.0024506000
-0.0034592200
-0.0022185500
-0.0019853300
-0.0009292620
-0.0004468120
0.0020633800
0.0016719300
-0.0004576830
-0.0013489400
-0.0004629880
-0.0003708190
-0.0001867840
0.0007720660
0.0038725600
0.0002888680
-0.0007745210
-0.0008455150
-0.0002843810
0.0001202310
-0.0025065900
-0.0013023500
-0.0005520810
-0.0030603300
-0.0017569400
-0.0004177890
-0.0050393800
0.0007599490
-0.0006074230
-0.0017022500
-0.0006985980
-0.0003811620
-0.0027492800
-0.0030581300
-0.0011046000
-0.0000114845
0.0010785600
0.0005904480
-0.0020793200
-0.0034680600
-0.0001831980
0.0036988800
-0.0004319710
0.0009826660
0.0020944000
0.0010171100
0.0011077000
0.0039418400
0.0002318160
-0.0006181320
-0.0006359480
-0.0016931700
-0.0039584100
-0.0006182750
0.0001779380
0.0007097510
0.0011815400
0.0052445300
0.0013359700
0.0032260000
0.0019642400
0.0003467470
-0.0002575710
-0.0005867660
-0.0016186600
-0.0007094330
0.0009503300
0.0003575350
0.0000419578
-0.0013496800
-0.0020674900
0.0026602600
0.0006864650
0.0001990810
0.0003128960
0.0015212700
0.0000651725
-0.0001735750
-0.0004199570
-0.0004926810
-0.0001108820
0.0004700040
-0.0005316530
0.0015406300
0.0000803964
-0.0007163360
-0.0003826040
0.0008749290
0.0048012900
-0.0008223640
-0.0032437600
-0.0009269470
0.0006518320
0.0028072100
0.0006878360
0.0007341100
0.0030328000
0.0013460200
0.0001400670
-0.0005336950
0.0005315710
0.0018505300
0.0019097100
0.0001603910
-0.0003433040
0.0003739240
0.0003010710
0.0001059030
0.0006310400
0.0016408100
-0.0002144350
-0.0005156210
0.0009094550
0.0002881000
-0.0009575470
-0.0008225780
-0.0000878289
0.0002164150
0.0043919200
0.0023744300
0.0029523300
0.0026442000
0.0004623260
0.0002852330
0.0009685750
0.0004162180
-0.0004007980
-0.0020316500
-0.0031673000
0.0009411060
-0.0009662990
-0.0003830830
0.0015113700
0.0008683860
0.0007108790
0.0014441600
0.0001770270
-0.0012637100
-0.0001067480
-0.0001685800
-0.0006447280
-0.0003632120
0.0008542970
0.0017506000
0.0001856690
-0.0007304690
-0.0007857630
-0.0001141450
0.0002160900
0.0001308650
-0.0001818610
0.0000517000
0.0001940570
-0.0028188900
-0.0015388000
0.0020758900
0.0024251200
0.0041489600
0.0018530700
0.0013851500
0.0000726328
-0.0006204900
0.0019782600
0.0007012870
0.0004311320
0.0036361800
0.0002502750
-0.0005243310
-0.0018597500
0.0009767560
0.0004230690
-0.0043637400
-0.0023594300
-0.0016787100
-0.0004532010
0.0005196340
0.0012807300
0.0031701700
0.0001387510
0.0010140900
0.0003739550
-0.0002974130
-0.0002423260
-0.0012854000
-0.0006418300
0.0020979900
0.0015520900
-0.0001227280
-0.0009454340
-0.0019862500
-0.0014329500
-0.0022764200
-0.0014361400
-0.0004622780
0.0005109840
0.0034113000
-0.0007319300
-0.0012982000
-0.0009453750
0.0019470600
0.0017597500
0.0000677657
-0.0007759550
-0.0010811000
-0.0000223736
0.0007390830
0.0029526500
-0.0011383700
-0.0019210000
0.0003644630
0.0006028440
-0.0015163300
-0.0013150300
0.0003791550
0.0007407100
-0.0004212860
-0.0024689400
0.0022864100
0.0013443400
-0.0009813790
-0.0015243900
-0.0004368670
0.0053736800
-0.0013009100
-0.0023390900
-0.0004382120
0.0002002350
0.0004659010
0.0002784320
-0.0001221600
0.0004673270
0.0022175900
0.0017623900
0.0042772000
0.0014544800
0.0008582570
-0.0001117470
-0.0011343700
-0.0002634710
0.0002505430
-0.0001830500
0.0003750380
0.0009202490
0.0011417100
0.0004078820
-0.0001479510
-0.0005250210
-0.0012098100
-0.0003278950
0.0006801350
0.0005773050
0.0000016385
-0.0005039230
0.0001197800
0.0003852390
-0.0001682870
-0.0001527470
0.0000989174
0.0000548970
-0.0000837239
-0.0017022500
-0.0021051400
0.0019638900
0.0014343300
-0.0000344625
-0.0006548430
-0.0013021800
0.0001020930
0.0010255700
0.0005185370
-0.0006182280
-0.0002418680
0.0019456200
0.0009122420
-0.0017503400
-0.0036288300
-0.0005105140
0.0001583090
0.0000727504
-0.0002239520
0.0062858000
0.0003271800
0.0011194500
0.0022201500
0.0012123700
0.0025417700
0.0006963940
-0.0015108900
-0.0034247300
-0.0000640586
0.0021697000
0.0003072750
-0.0036375500
-0.0010117300
-0.0030933200
-0.0012752700
-0.0000299654
-0.0014487200
-0.0027766000
-0.0009409170
-0.0000394475
-0.0002245380
-0.0014697400
-0.0013729900
0.0004147970
-0.0000244556
-0.0020709300
-0.0005987430
0.0000003703
0.0001398910
0.0005050740
-0.0043393400
0.0006361500
0.0024549700
0.0019341900
0.0004293900
0.0000071809
-0.0005533800
-0.0002552970
-0.0005047420
-0.0011327600
0.0006876650
0.0015530800
0.0021490400
-0.0003363080
-0.0010820300
-0.0008517290
-0.0020393300
-0.0008854320
-0.0000629825
0.0001809440
0.0002541170
-0.0002398390
0.0000629027
0.0005251490
0.0004201850
-0.0002856890
0.0006947340
0.0008375830
0.0003821000
-0.0001459740
-0.0002097470
0.0001581410
-0.0002621670
-0.0007744490
-0.0005664360
0.0002064420
0.0010216400
0.0045117300
0.0031868000
0.0010785200
0.0008822260
0.0003465530
-0.0000711538
-0.0006202270
-0.0007822240
-0.0009221090
-0.0020402700
-0.0011695100
-0.0002145340
-0.0007041630
-0.0026072700
0.0000643197
0.0023488300
0.0009214820
0.0005720240
0.0006807800
0.0038629800
-0.0025478300
-0.0025847800
0.0001198230
0.0005116880
0.0000984451
0.0001188700
0.0002654580
-0.0022210200
-0.0015025700
-0.0008964380
-0.0001076460
0.0010508100
0.0007427220
-0.0005857410
0.0003723590
0.0011101300
-0.0005089020
-0.0010347100
-0.0014106800
-0.0011516900
-0.0003476530
0.0002834270
0.0001592930
0.0003434680
0.0002703420
-0.0003768570
0.0001480910
0.0010199600
-0.0002755280
-0.0009878570
-0.0002820330
-0.0023603500
-0.0028045100
-0.0013447000
-0.0051770900
0.0040905100
-0.0006859510
-0.0015367600
-0.0028977000
-0.0007197460
-0.0000554248
0.0002616900
-0.0057566800
0.0003081420
0.0000472006
0.0001938300
0.0060814500
0.0000644866
-0.0003582380
-0.0054256700
0.0045888300
0.0014729500
-0.0010678400
-0.0013319100
-0.0009832990
-0.0022725500
-0.0011116400
-0.0000481225
0.0002121940
0.0004960110
0.0006245610
0.0001369220
0.0006759860
-0.0004158100
-0.0013563400
0.0000062400
0.0014041300
0.0061547700
0.0040754900
-0.0015147500
-0.0014686900
0.0002713400
0.0035237800
0.0007345410
0.0024219700
0.0015624700
0.0005559990
0.0008242860
-0.0014056200
-0.0018026300
-0.0001844750
0.0006520440
0.0010254200
-0.0003150990
0.0041867100
0.0008147810
0.0009765390
0.0020444500
0.0008949210
0.0012226400
0.0011315300
0.0006684380
0.0047001600
0.0007332730
0.0007976800
0.0016934700
-0.0002835950
-0.0013347800
-0.0010142400
0.0001410050
0.0000957254
-0.0009485300
-0.0003222380
0.0009249160
0.0030996900
0.0019385800
0.0000462252
-0.0035195900
-0.0022981400
-0.0006099750
0.0016055600
0.0011607800
-0.0009620860
-0.0009076620
-0.0006715340
-0.0000154477
0.0002202160
0.0003312920
0.0002540490
-0.0004228480
-0.0013745500
-0.0016327300
-0.0021797100
0.0014270800
0.0012435000
0.0001320810
-0.0006845210
-0.0015217600
-0.0000479476
0.0038514300
0.0003890450
0.0005132710
0.0005131220
-0.0000258857
-0.0032624500
-0.0005993210
0.0012937800
0.0003273400
-0.0004651430
-0.0002371660
-0.0003439170
0.0005049960
0.0016301700
0.0002568910
-0.0010539000
-0.0003637760
0.0003998480
0.0000969986
0.0006376190
0.0013098400
0.0003408960
-0.0013588400
-0.0013104100
-0.0011045800
-0.0003865930
0.0008777090
0.0009916180
-0.0004040940
-0.0027449400
0.0007586220
0.0016268000
0.0004027860
-0.0046260000
-0.0012026400
0.0001915950
-0.0001046420
-0.0008675030
-0.0009822190
-0.0013481500
-0.0066007800
-0.0032338500
-0.0006158880
0.0011160000
0.0016402800
-0.0005343920
-0.0010546700
-0.0015878900
-0.0017311300
-0.0004858430
0.0029104600
-0.0000815781
-0.0009667550
-0.0017559500
-0.0014239400
0.0000061902
0.0007348100
-0.0000847845
0.0004544440
0.0008264100
0.0004206400
-0.0000850672
-0.0000231435
0.0009799290
0.0008125660
0.0000929941
-0.0004619730
-0.0005487010
0.0001559550
-0.0001497940
-0.0020128900
-0.0011707300
-0.0001972570
-0.0004146940
-0.0007584940
-0.0006131860
-0.0005119320
0.0016487500
0.0028745800
-0.0005210040
-0.0034777200
-0.0006312970
-0.0001042040
-0.0003099800
-0.0014358000
-0.0008742330
0.0001695040
0.0012726700
0.0005861580
-0.0002736540
0.0006764210
0.0001166790
-0.0009533280
-0.0014026800
0.0001456420
0.0006715710
-0.0003557780
-0.0006032710
0.0005072060
0.0014689300
0.0058785100
0.0028892500
0.0020684400
0.0009103850
0.0000044265
-0.0000893206
-0.0004229190
-0.0053749700
-0.0005937450
0.0009244040
0.0008316190
0.0012506800
0.0012360100
-0.0002050000
0.0004184440
0.0038470500
0.0037109900
0.0011920200
-0.0004434070
0.0013582700
0.0039109400
-0.0001661450
-0.0015790100
-0.0008803280
-0.0002342600
0.0008835790
0.0003973920
0.0001212810
-0.0029825300
-0.0010817700
-0.0002655070
-0.0002851550
0.0004850290
0.0009519090
0.0009224640
-0.0061547200
0.0008444910
0.0008342850
0.0009373840
0.0002958110
-0.0004652410
-0.0005297390
-0.0000245437
-0.0003625040
-0.0005979780
0.0002448880
0.0016508900
-0.0007308740
-0.0002624690
-0.0018560800
-0.0011840900
0.0000672751
0.0004448420
0.0030358100
0.0014135800
-0.0006268220
-0.0006449300
-0.0007186710
-0.0014566500
0.0000107639
-0.0001870070
-0.0023027100
0.0000032311
0.0012697300
0.0005389880
0.0000351411
-0.0003397190
-0.0012076400
-0.0021552800
-0.0003536540
0.0031121900
0.0004657650
-0.0004485910
0.0003667520
0.0023337500
0.0003468640
-0.0011010300
-0.0012534600
-0.0015717800
-0.0013086900
0.0001472600
0.0019926800
0.0010493800
0.0000763916
-0.0028896000
0.0006601710
0.0014652000
0.0011304700
0.0003175580
-0.0006356640
-0.0029606800
-0.0020223400
0.0000060733
0.0008374140
0.0011036000
0.0018950000
0.0011173300
-0.0001776620
-0.0009746800
-0.0003017960
-0.0005129170
-0.0010699300
-0.0011409600
-0.0002052100
0.0010134500
0.0039383300
-0.0003553600
-0.0021252000
-0.0015585800
-0.0026510900
-0.0011115600
0.0006401260
0.0030289900
0.0008941500
0.0000190639
-0.0008742770
-0.0015128500
-0.0009211410
0.0000518271
0.0009087470
0.0000156710
-0.0042810800
-0.0007333400
-0.0017047200
-0.0012874400
0.0010847200
0.0003803200
-0.0022602300
-0.0046308000
-0.0011657100
-0.0003901280
-0.0002829200
-0.0066361600
-0.0006065610
-0.0016813400
-0.0011296300
-0.0000055719
-0.0007280240
-0.0018794700
0.0003007030
0.0020067900
0.0035841600
-0.0006499120
0.0004267290
0.0051458800
0.0006940250
0.0005653160
0.0025236200
0.0000124225
-0.0007654910
-0.0006348770
-0.0008774060
-0.0017902800
-0.0011447900
-0.0005368450
0.0009887210
0.0043362800
0.0008806700
-0.0000708981
-0.0007496190
-0.0007098760
-0.0009598740
-0.0000871819
0.0016508000
0.0002765970
-0.0016148100
-0.0011466400
0.0009274190
0.0012346100
-0.0002322830
-0.0019443500
-0.0018775200
-0.0017280300
-0.0002244750
0.0006122740
0.0010962600
-0.0001080320
-0.0039468000
-0.0012270800
-0.0053607000
-0.0030118800
-0.0004477780
0.0011817700
0.0005499750
-0.0010092400
-0.0012413300
0.0001284020
0.0014994100
0.0015202200
0.0016924500
0.0012603800
-0.0007730810
-0.0009462660
-0.0001072750
0.0004679030
0.0014494600
0.0004914690
-0.0012592700
-0.0008359200
-0.0019143900
-0.0039545700
0.0000531037
-0.0003735900
-0.0002892110
-0.0003569750
-0.0007392130
-0.0009950920
0.0062121200
-0.0003159430
0.0004627840
0.0006578200
0.0005692250
0.0008427060
0.0002205540
0.0001065660
-0.0053959000
0.0009400530
0.0025166500
0.0009134100
-0.0008950350
-0.0032703700
0.0041242100
-0.0002269620
-0.0001397520
0.0001216980
-0.0001413410
-0.0002434750
-0.0002984310
-0.0011978900
-0.0049933900
-0.0022655000
0.0053083900
0.0011220200
0.0016746800
-0.0002211750
-0.0008402210
-0.0002699950
0.0002759140
0.0001969700
-0.0003484440
-0.0004404940
0.0000591039
0.0025608600
0.0020386400
-0.0008978630
-0.0005158610
-0.0012079700
0.0000597600
0.0008791320
0.0008308630
-0.0000297679
0.0000407805
0.0000673178
-0.0059022800
-0.0001005870
-0.0000493561
-0.0060947500
-0.0013074800
-0.0009534200
0.0000548909
-0.0009538550
-0.0038055600
-0.0011638500
-0.0010892600
-0.0002301890
0.0029155900
0.0008275240
0.0005799700
0.0000090756
0.0000260045
0.0016130000
0.0002829860
0.0000422578
-0.0001678630
-0.0006659810
-0.0010382300
-0.0009950460
-0.0014795000
-0.0002528370
0.0003304770
0.0013577500
0.0031819700
-0.0005050580
-0.0025524700
-0.0004217730
0.0007017300
0.0001443320
-0.0000562804
0.0000717685
-0.0004479910
-0.0005239090
-0.0004107190
-0.0006937500
0.0000035536
0.0010952100
0.0005291150
0.0000470446
-0.0005781090
-0.0014393500
-0.0011254500
0.0001312020
0.0052063400
0.0001079850
-0.0004644520
-0.0010083700
-0.0008634720
0.0001475350
0.0000420340
-0.0005929610
-0.0003214440
0.0006596080
0.0005049180
0.0006513260
0.0005552720
0.0000023998
-0.0000739387
0.0005864410
0.0024799400
-0.0022854900
-0.0015185600
-0.0007193210
-0.0002438200
0.0000267044
0.0001148600
-0.0002442380
-0.0005982630
-0.0003378160
0.0001637280
0.0007253970
0.0006640480
-0.0004836150
-0.0009634880
0.0005457990
0.0000472258
-0.0012519900
-0.0007017650
0.0009186130
0.0016666700
0.0003691350
-0.0002373540
0.0000948605
0.0005808360
0.0009430390
-0.0001368780
-0.0005756600
-0.0003456210
-0.0000483301
-0.0004335650
-0.0005868560
-0.0003292680
0.0017440500
-0.0001927120
-0.0008157570
-0.0002691040
-0.0002795260
-0.0009478520
-0.0008333490
-0.0001458250
0.0012093600
0.0003397680
-0.0006802700
-0.0010725600
0.0000727835
0.0010526800
0.0005192200
-0.0003445990
-0.0012070300
-0.0003672700
0.0008626750
0.0011872100
0.0014014300
-0.0000445129
-0.0010728300
-0.0002037470
0.0002867980
0.0015601600
0.0009391070
-0.0021492400
-0.0042120300
-0.0000061488
0.0024602300
0.0014118400
0.0008612870
0.0013530600
0.0019682800
0.0036909000
0.0004656120
0.0006449680
0.0014162500
0.0004999590
0.0005026120
0.0003597830
-0.0000338129
-0.0002132610
-0.0001132050
-0.0001367270
-0.0004782060
-0.0001876930
0.0033412700
0.0006485040
-0.0019328600
-0.0012525600
0.0003451370
0.0008652010
0.0037761100
0.0019836800
-0.0003461290
-0.0012159500
-0.0033062400
-0.0013120200
-0.0004760370
-0.0001601770
-0.0005849890
-0.0010525500
-0.0003018710
-0.0001460590
-0.0002593210
0.0003143170
0.0011720600
0.0006820960
-0.0044922700
-0.0003322000
0.0001806920
0.0001902330
-0.0020027500
-0.0063560000
-0.0012414600
-0.0008049010
-0.0017623700
-0.0021627800
-0.0027589400
-0.0008547670
-0.0001226800
-0.0004323360
-0.0011236100
-0.0052015600
-0.0008790990
-0.0002507970
-0.0002716200
-0.0006423650
-0.0004699890
-0.0008508050
-0.0026563100
-0.0018555600
0.0056390900
-0.0001246370
-0.0003065140
-0.0008312700
-0.0021383400
0.0001927910
0.0034141300
0.0003539340
-0.0002850470
-0.0005265970
0.0000601486
0.0002140550
-0.0002729430
-0.0012156900
-0.0014727000
-0.0002733260
0.0006627070
0.0003300250
0.0006194410
0.0047541500
0.0026154100
0.0008611680
0.0004076860
0.0000649175
0.0004298830
0.0019059800
0.0006754380
-0.0022467300
-0.0058480900
-0.0015062200
-0.0009792680
-0.0018688800
-0.0012229000
-0.0007591680
0.0005618020
0.0012736200
-0.0007459380
-0.0004271390
-0.0001946470
-0.0010317600
-0.0012809100
0.0002002250
0.0007376490
0.0006271780
0.0008190240
-0.0000082349
-0.0003087650
-0.0003620500
-0.0004574030
0.0005352680
0.0025537900
0.0014359400
0.0000222190
0.0000110303
0.0004847430
0.0001405600
-0.0033585700
-0.0031242800
-0.0007035150
0.0007330100
0.0012738600
-0.0005517920
-0.0019589200
-0.0005435630
0.0000063309
0.0012668100
-0.0004739610
-0.0004970440
0.0015133300
0.0039138800
0.0059459500
0.0009488890
0.0002922860
-0.0001420130
-0.0003149810
0.0005717440
0.0004311000
-0.0004200910
-0.0014954000
-0.0008760950
-0.0005748570
-0.0065597500
-0.0002742550
0.0002472730
-0.0021929800
-0.0019193000
-0.0008196790
-0.0010548900
-0.0004290110
0.0014267000
0.0037312500
0.0035547700
0.0022855000
0.0008600750
-0.0019546700
-0.0028723800
0.0004938640
0.0012092400
0.0012979000
0.0033711200
0.0023897200
-0.0003151600
-0.0003408250
-0.0066504700
0.0006967720
0.0008265590
-0.0004726250
-0.0004147950
-0.0003981600
-0.0044804400
0.0004020130
-0.0008033960
-0.0010072600
0.0009631900
0.0015376700
0.0004223950
0.0014870200
-0.0000538995
-0.0007666220
0.0003943670
0.0027091600
-0.0017864000
-0.0026159800
-0.0008488950
0.0005176250
0.0022128400
0.0025791400
0.0059598900
0.0010740400
0.0002540150
-0.0001311180
-0.0000158423
0.0004607340
0.0005638060
-0.0001314350
-0.0000280119
0.0002340820
0.0041030800
0.0015135400
-0.0014335300
-0.0059863100
-0.0005128660
-0.0007602590
-0.0005461500
0.0001729560
0.0005790940
0.0003941090
-0.0013643400
-0.0002886940
0.0018385200
0.0005240560
-0.0006681360
-0.0010611700
-0.0002407320
0.0021769500
-0.0005630220
0.0000509954
0.0010402700
0.0007650530
0.0008864650
0.0011287600
0.0010312600
-0.0012491800
0.0012439300
0.0010485700
-0.0011751900
-0.0042776300
-0.0004368020
-0.0015582900
-0.0024499500
-0.0014324200
-0.0003689800
0.0015200700
-0.0045530700
-0.0009701990
-0.0003174120
0.0012768400
0.0005818620
-0.0008646070
-0.0014097200
-0.0005632000
-0.0008541490
-0.0008767870
0.0028921000
0.0017769000
0.0025929500
0.0009029810
0.0035915500
0.0016436700
0.0003015590
-0.0002427140
-0.0010065500
0.0031361900
0.0002832710
-0.0000870110
0.0000057084
-0.0006581230
-0.0009749190
-0.0006903430
-0.0011747000
-0.0009913640
-0.0005419900
0.0020493600
0.0012853800
0.0000005424
0.0002617910
0.0004099020
-0.0011742700
-0.0018626200
0.0003483050
0.0010647700
0.0005123780
-0.0000515259
-0.0016182600
-0.0014378600
0.0004001590
0.0010446100
0.0013358900
-0.0005451320
-0.0004895350
-0.0002847190
-0.0008156700
-0.0011994800
0.0005556420
0.0007635580
0.0001105670
0.0000097966
-0.0004347190
-0.0007373650
-0.0002247320
-0.0000397809
0.0002399100
-0.0002921360
-0.0021731200
0.0018975700
0.0033267200
0.0018497800
0.0007771050
0.0035954100
0.0011409500
-0.0003676710
-0.0008773180
-0.0010915200
-0.0004684500
0.0002509940
0.0055029800
0.0004871030
0.0013512200
-0.0045888700
-0.0009658640
-0.0013717200
-0.0055755100
-0.0023257600
-0.0031538700
-0.0032249000
-0.0015800800
-0.0005085630
-0.0005432180
-0.0002826480
-0.0004340120
-0.0011587200
-0.0004111530
0.0019495300
0.0006931800
0.0002853180
0.0031614700
0.0001555440
-0.0021838400
0.0005415340
0.0003818360
-0.0005615430
-0.0013470200
-0.0003876090
0.0002652720
0.0005514190
-0.0001576770
-0.0027926200
-0.0005646240
0.0001493310
-0.0005902340
-0.0006898970
-0.0002419820
0.0003401140
0.0004377450
0.0007992630
0.0012667800
0.0005685620
0.0004306150
-0.0006481430
-0.0024913300
0.0017625400
0.0004069220
0.0006540160
0.0009284760
-0.0002672680
-0.0011627600
-0.0025737400
-0.0022199100
-0.0015093500
0.0012897200
0.0018726400
0.0004975900
-0.0005368600
0.0000051073
0.0008463610
0.0005285170
-0.0000004092
0.0004256200
0.0007858020
-0.0002753810
-0.0016580100
-0.0009625160
-0.0005647940
0.0002021010
0.0039930900
-0.0007056130
-0.0011131800
-0.0009815160
-0.0006671400
-0.0004356080
-0.0011620600
0.0001750930
0.0003466700
-0.0008267050
-0.0002203230
-0.0003861820
-0.0005946380
-0.0004970500
-0.0007103140
0.0005019110
0.0024289900
0.0020763000
-0.0002004920
-0.0012331000
-0.0001283360
0.0001441500
-0.0001758340
-0.0001939080
-0.0004480100
0.0002161530
0.0002145110
0.0002335030
0.0005747680
0.0014818000
-0.0063605700
0.0003294960
0.0001394990
0.0001211630
0.0012138600
0.0052148100
0.0007726130
-0.0021799800
-0.0022154300
-0.0001883850
0.0006685740
0.0015194600
0.0001072510
-0.0023795500
-0.0039563900
-0.0005319640
-0.0006949150
-0.0000285844
0.0010559600
0.0001943790
-0.0006486220
-0.0006338300
0.0004364520
0.0005351480
0.0002215080
0.0003994000
0.0012003100
0.0002875750
-0.0016162500
-0.0008599960
0.0005549650
0.0038911500
0.0005143290
0.0000328398
-0.0002249900
-0.0011242700
-0.0005974430
0.0009616430
0.0001401960
-0.0002552960
0.0002390600
0.0004583250
0.0010263400
0.0028672900
0.0004336530
-0.0004187520
-0.0006525140
-0.0029471100
-0.0005468290
0.0007501580
0.0009274240
0.0009683930
0.0055640400
0.0008443410
0.0003156110
0.0001255270
0.0003147950
0.0001359910
0.0000891211
0.0019966200
0.0013875300
0.0000492502
-0.0006957850
-0.0004088780
0.0003016610
-0.0001311000
-0.0002670880
0.0002030520
0.0017146900
0.0018421700
0.0018312800
0.0022829400
0.0012506300
0.0005182410
-0.0004111630
0.0010089400
0.0029481400
0.0009593190
0.0018765100
0.0001428010
-0.0003540990
-0.0000833731
0.0005380830
0.0010046900
0.0004952200
-0.0010381300
-0.0009730090
-0.0002379680
-0.0006367760
-0.0056460700
-0.0000620869
0.0061254000
0.0006102120
0.0001776450
0.0000489592
-0.0000712031
-0.0004506760
-0.0009994470
-0.0052123800
0.0002230370
0.0009382350
0.0017699600
0.0029704200
0.0010326000
0.0012366300
0.0000205818
-0.0007999530
-0.0009072400
0.0006397070
0.0001953420
-0.0007421440
-0.0009524900
0.0057907600
-0.0011796000
-0.0015627600
-0.0007490670
0.0001995880
0.0010733700
0.0021626300
0.0052779800
0.0013167500
0.0053942500
0.0014680600
0.0006745900
0.0023486400
0.0025845700
0.0000705140
-0.0017745400
0.0054385800
-0.0005578830
-0.0003479180
-0.0003366190
0.0015219000
0.0002255950
-0.0004140000
-0.0010068400
-0.0013070900
-0.0004038080
0.0020235800
0.0021990200
0.0004910880
0.0002162290
0.0007835410
0.0004614720
-0.0000723796
-0.0006110020
-0.0009318440
0.0006166900
0.0012432700
0.0050554200
0.0004981620
-0.0045870700
-0.0017847300
-0.0001010740
-0.0000768135
0.0002363590
0.0004772410
0.0002652590
0.0002362580
0.0010879400
-0.0000716955
-0.0009758160
-0.0006624500
-0.0000031879
0.0004225420
-0.0003441400
-0.0013826800
-0.0007167480
-0.0011628400
-0.0000883902
0.0013888400
0.0007295540
-0.0006573860
-0.0007456150
-0.0023386000
-0.0013025000
0.0011037700
0.0025828700
0.0035975100
-0.0000260207
-0.0005964750
-0.0004008770
-0.0002703130
-0.0000805814
0.0004842660
0.0024328800
0.0003455410
-0.0010277500
-0.0012977800
0.0005040960
0.0004734020
-0.0022804500
0.0000846696
0.0018476600
0.0012077800
0.0002889800
-0.0007361760
-0.0013272800
-0.0007935330
-0.0004801090
-0.0001879110
0.0001081340
0.0002150610
0.0007039200
0.0002820500
-0.0002107120
0.0001503770
0.0028550400
0.0002050920
0.0023876900
0.0013657900
0.0022060300
0.0030209300
0.0001081950
-0.0001834810
-0.0023889200
0.0001697300
0.0036918200
0.0007224240
-0.0004652800
-0.0010173500
-0.0005727330
0.0001939550
0.0001585970
0.0003937220
0.0002334790
-0.0006065250
-0.0011704900
-0.0002315840
0.0034307900
0.0015086700
0.0008070020
0.0001357650
-0.0010366100
-0.0004218310
-0.0017723200
-0.0020700500
-0.0002640630
-0.0001540010
0.0006483590
0.0015417100
-0.0000095688
-0.0006258620
-0.0006342380
-0.0016760200
-0.0037873800
-0.0004259780
-0.0025178500
-0.0035058700
-0.0009700970
0.0000479503
0.0005960560
-0.0003129100
-0.0004735380
0.0001380490
0.0003398750
-0.0002794370
-0.0006671770
-0.0008796130
0.0006505490
0.0016546700
0.0002057080
-0.0002785120
-0.0000987710
0.0001421030
0.0011445100
0.0035285200
0.0007279110
0.0056759000
0.0029689200
0.0011555800
-0.0006346960
-0.0009358020
-0.0017487700
0.0001091640
-0.0002955420
0.0066019800
-0.0009437930
-0.0015413700
-0.0012953500
0.0001689180
0.0003026730
-0.0061667600
-0.0003436100
0.0002482990
0.0004795130
-0.0004366010
0.0000392175
0.0009437820
0.0010786100
0.0006772130
0.0063313400
-0.0026460100
-0.0016063100
-0.0007168870
0.0003838590
0.0002977330
-0.0014114700
-0.0004172060
-0.0004007440
0.0000684480
0.0021265200
0.0007648840
0.0001822400
-0.0012117200
-0.0005565090
-0.0004239750
-0.0002772540
-0.0002063130
-0.0003608000
0.0000417656
-0.0001116940
-0.0013510900
-0.0013010500
0.0007733120
0.0014363800
0.0004136740
-0.0023305700
-0.0013319800
-0.0009211440
0.0041692400
0.0001938060
0.0004503680
0.0003328640
-0.0010127800
-0.0031214500
-0.0002226510
0.0001446580
0.0010253500
0.0013041500
0.0002771910
0.0008828720
0.0017977600
0.0005398210
-0.0053315800
0.0002362950
-0.0010932200
-0.0014135500
-0.0021332400
-0.0029747500
-0.0005262760
-0.0009133960
-0.0030692900
-0.0007826910
-0.0000048959
-0.0002319610
-0.0003595700
0.0005244670
0.0013601500
0.0007299590
0.0008475920
0.0011164100
0.0006438130
0.0000465842
-0.0002340850
-0.0000400389
-0.0012684900
-0.0044341900
-0.0001779390
0.0006658040
0.0011415300
0.0035870200
0.0013312100
0.0014752500
0.0014464900
0.0022911600
0.0027782000
0.0007379540
0.0003772110
0.0007128280
0.0012658200
-0.0003798210
-0.0007902360
-0.0000748396
0.0000005130
0.0006281860
0.0010799700
0.0002881650
0.0001017700
-0.0011977000
-0.0027064500
0.0013088300
0.0025635500
0.0011830000
0.0021288200
0.0035650000
0.0003966300
-0.0006289480
-0.0011283000
-0.0025525400
-0.0018824400
0.0058777100
-0.0010618300
-0.0003414380
0.0000863667
-0.0000678920
-0.0000312470
0.0004512100
0.0016516600
0.0010198100
-0.0000731858
0.0063756900
-0.0009872780
-0.0016161000
-0.0000647436
0.0008841150
0.0000057915
-0.0005923420
-0.0020487100
-0.0023401700
-0.0012810600
-0.0005821170
-0.0002240950
-0.0015748300
0.0002435920
0.0014372500
0.0023767200
-0.0002792870
-0.0000981042
0.0004393110
0.0003619740
0.0002588350
0.0007682720
0.0011767400
0.0014231700
-0.0007195750
-0.0014765500
-0.0006637420
-0.0004540080
-0.0008278650
-0.0007274630
0.0000725331
0.0008704630
0.0010181800
0.0001382690
-0.0009953740
-0.0015151300
-0.0021280600
0.0000981545
0.0010909000
0.0000329758
-0.0020425400
-0.0005683470
0.0012636800
0.0007066320
-0.0001807390
-0.0000574786
0.0037175900
0.0022241300
-0.0000267479
0.0011789000
0.0008932050
-0.0003618220
-0.0005787690
-0.0008602240
-0.0003341910
0.0007943180
-0.0008988980
-0.0023440400
-0.0007138310
0.0011836400
0.0020360300
0.0001192550
0.0005098750
0.0005498440
0.0000779870
-0.0003432260
-0.0004724020
-0.0005629060
-0.0003925480
-0.0005912780
-0.0008899250
