0.0000000000
0.0000001966
-0.0000002859
0.0000004344
-0.0000005226
0.0000002771
-0.0000002598
0.0000000009
0.0000000669
0.0000000509
0.0000001609
0.0000013020
-0.0000026415
0.0000027408
-0.0000031448
0.0000038680
-0.0000043428
0.0000054190
-0.0000059655
0.0000051739
-0.0000042132
0.0000038019
-0.0000021352
-0.0000010543
0.0000046631
-0.0000086043
0.0000128298
-0.0000181669
0.0000234458
-0.0000275535
0.0000320817
-0.0000352357
0.0000381540
-0.0000388116
0.0000374746
-0.0000331691
0.0000249250
-0.0000137312
0.0000083886
-0.0005493580
-0.0005531740
0.0002289510
-0.0005045260
-0.0004198700
0.0003350690
0.0007456670
-0.0004320920
0.0006116520
-0.0009985970
-0.0015920300
0.0022358500
0.0005647230
-0.0001927190
0.0003900870
-0.0003956570
-0.0013547400
-0.0005863430
0.0006091710
-0.0006004990
-0.0013537500
0.0006984030
0.0004450730
-0.0014472000
0.0004264130
-0.0000235749
-0.0000999761
-0.0007799450
-0.0007656490
-0.0002234180
-0.0015566200
-0.0005193790
-0.0002966410
-0.0002743380
0.0009870880
0.0007432210
-0.0019394300
-0.0031237800
-0.0011131500
0.0019245600
-0.0002187100
-0.0012888100
0.0016642000
0.0009340830
-0.0000408915
0.0001741870
-0.0013881200
-0.0017269300
-0.0004518900
0.0007503270
-0.0000011564
-0.0006328560
0.0010549600
-0.0002294970
0.0001098850
0.0005668830
-0.0005928920
0.0008467370
-0.0006018780
-0.0007396020
0.0011442200
-0.0003073930
0.0000539840
0.0000338332
0.0000106826
0.0002320240
-0.0001197410
0.0005269260
-0.0004142830
0.0000907079
0.0000660280
0.0004685310
0.0010976000
-0.0004896760
0.0005849790
0.0012365300
0.0013234700
0.0007881340
-0.0002086190
-0.0003180210
-0.0001913250
0.0028977700
0.0012096000
-0.0001472840
0.0010983800
-0.0007454510
0.0016830700
0.0017182900
-0.0004188980
0.0001908520
0.0012266700
-0.0005038920
-0.0015386000
0.0031336400
0.0014767300
-0.0007807990
-0.0007595620
0.0003149340
0.0006348710
-0.0017184300
-0.0013853100
-0.0016842400
-0.0012861100
-0.0013640400
-0.0004940170
-0.0000509581
0.0024407100
0.0006123850
0.0001119450
0.0002505800
-0.0010345700
0.0010436500
-0.0006164480
0.0010969400
-0.0005758170
-0.0007409490
0.0000799446
0.0003019380
-0.0001578970
-0.0004655150
0.0008038000
-0.0007098740
0.0004770900
-0.0005535640
-0.0000686127
0.0005240540
-0.0004364640
0.0001392170
-0.0009120260
-0.0002145370
0.0004418280
0.0009334360
-0.0006426870
-0.0007859240
0.0019401700
-0.0002599680
0.0010298200
0.0013781000
0.0007617890
0.0006250820
-0.0001065720
0.0003622060
-0.0012369300
-0.0002663480
-0.0001267170
0.0004456170
-0.0000911273
0.0004678200
0.0000103050
-0.0007815390
0.0008559500
-0.0009643250
0.0004671820
-0.0001945940
-0.0002708620
0.0006628180
-0.0006498260
0.0000756323
0.0000983883
-0.0000274896
-0.0003080980
0.0016690700
0.0007428560
-0.0002162390
-0.0000405490
-0.0003196910
0.0005701970
-0.0004833170
-0.0006107070
-0.0026471000
-0.0007795990
0.0005938300
-0.0002534530
0.0000830639
-0.0006084710
-0.0003327920
0.0006952240
0.0030012100
-0.0015424600
-0.0016818600
-0.0001325870
-0.0004686990
0.0003053380
-0.0002634510
0.0007113290
-0.0005478780
0.0003126600
0.0003603750
0.0020517200
0.0006444010
-0.0006583660
0.0010707400
-0.0007777090
0.0005388250
-0.0003542930
0.0000268553
0.0002275330
-0.0001627770
-0.0006224600
-0.0012444000
0.0016941800
-0.0006464450
0.0006786600
0.0000616389
-0.0010921400
-0.0019945600
-0.0015777300
0.0009227990
-0.0009955080
0.0009714550
-0.0013068100
0.0000607723
0.0009654760
-0.0006660620
-0.0005615550
0.0007979700
0.0011281700
-0.0007498730
0.0002744120
0.0008192180
0.0006824220
-0.0004171210
0.0007193150
-0.0011319100
0.0007459750
0.0000035273
-0.0009986070
-0.0006593800
-0.0003592570
0.0010345100
-0.0004260130
0.0006214580
-0.0005842340
0.0003057750
-0.0003770320
0.0004149280
-0.0004585070
-0.0006666510
-0.0000038213
-0.0000102129
0.0009459530
0.0001551510
-0.0004812110
-0.0010141000
-0.0002609210
-0.0008419620
0.0007202300
-0.0002340790
-0.0003876150
0.0001635560
-0.0003129460
0.0009904740
-0.0003251480
-0.0003721670
-0.0001914800
-0.0004090810
-0.0001177010
-0.0000858127
-0.0002530960
-0.0019602800
-0.0012153300
0.0002241030
-0.0002677330
-0.0004337170
0.0007463830
-0.0001664250
-0.0002791520
0.0001724090
-0.0000381381
0.0004066740
-0.0003579700
-0.0012190000
-0.0024539300
-0.0004029290
0.0005136430
-0.0007960470
0.0002494490
0.0005229880
-0.0008620880
0.0004103150
-0.0006971600
0.0005971040
0.0012385400
-0.0004946180
0.0020122300
0.0000157846
0.0006415420
-0.0004148260
-0.0008451890
0.0023593500
0.0009433390
0.0001361280
-0.0004856540
0.0003028410
0.0004604310
-0.0008800420
0.0004974870
0.0004063450
-0.0004185070
-0.0010843400
0.0003941940
0.0006421790
-0.0014463800
0.0004908180
0.0001640740
0.0003738150
-0.0002488930
-0.0005285350
0.0004735200
-0.0003322560
-0.0007003050
-0.0018623700
-0.0007935860
0.0007317870
0.0001414740
0.0000969039
0.0002073120
-0.0002017680
-0.0001325860
-0.0000336672
0.0002319240
-0.0004221510
0.0012470500
0.0004118100
0.0012450100
0.0015278800
0.0002869680
-0.0008844580
-0.0024340300
0.0001042450
-0.0012839900
0.0010947300
0.0007953350
-0.0002791250
-0.0004334860
-0.0007670830
0.0010224100
0.0006593080
0.0002426090
-0.0008996910
0.0019530200
0.0013878500
0.0000744135
0.0007057120
-0.0001542930
-0.0004726180
-0.0001803870
0.0013546500
-0.0000773895
-0.0008136050
0.0000086116
-0.0004506420
0.0005979780
0.0001522860
0.0001838890
-0.0003669350
-0.0001046230
0.0005613910
0.0000541634
-0.0000571969
-0.0005545670
0.0005558000
-0.0006788550
0.0003488100
-0.0000844383
-0.0003163320
0.0002559630
-0.0002809120
0.0003094600
-0.0000190532
0.0002564200
-0.0002822970
-0.0000298321
-0.0024212100
-0.0004429470
-0.0001361500
-0.0003004200
0.0023087500
0.0006963460
0.0008082370
-0.0000279892
0.0003374640
-0.0004716780
-0.0000091108
0.0007993520
-0.0005182480
-0.0004043240
0.0004797480
-0.0003983950
-0.0001605920
0.0010922700
-0.0002598860
0.0005173640
-0.0002338350
-0.0005098460
-0.0002296620
0.0001465380
0.0005127470
-0.0003838630
0.0006372480
0.0002776950
-0.0005978280
-0.0000085285
-0.0001614030
-0.0000100914
0.0002947260
0.0013648400
0.0020680500
-0.0002151410
0.0002362780
0.0023610300
0.0002495140
-0.0002249400
0.0003026760
0.0023589700
0.0014784700
-0.0016056500
0.0000868054
0.0001453150
0.0002451160
-0.0000461393
0.0002442160
0.0003237850
0.0001248280
-0.0000858246
0.0001185300
-0.0000348224
0.0024370000
0.0012084200
0.0001314830
0.0007554720
-0.0015352900
0.0000358090
-0.0011286600
0.0003829600
0.0003737200
0.0001051970
0.0005406770
0.0005389870
0.0003105800
-0.0009760050
0.0009476060
-0.0004445170
-0.0024339400
-0.0005253540
-0.0012392300
-0.0014339400
0.0011264800
-0.0005670020
0.0006209460
0.0005782030
-0.0003865670
0.0002302530
0.0006779000
0.0016288200
-0.0004914900
0.0002720440
0.0002958070
0.0009324400
-0.0001461620
-0.0002712310
0.0006842920
-0.0000389703
0.0008489290
-0.0012090800
0.0014398100
-0.0000803837
-0.0004861280
0.0013673500
-0.0005131380
0.0004937930
0.0004470230
0.0005111880
-0.0003657520
0.0022732000
-0.0002727900
-0.0014830500
0.0007612270
-0.0007894030
0.0001270950
0.0000393119
0.0003892370
-0.0021716500
-0.0012798700
0.0002866970
-0.0000369414
0.0008661770
-0.0010267200
-0.0019010400
-0.0013107100
-0.0013803600
-0.0009460520
-0.0003774700
0.0010885500
0.0017916000
-0.0020976100
0.0010771400
0.0025659800
-0.0006677620
-0.0001532390
0.0001055300
0.0007509640
-0.0004525840
0.0004409840
0.0003991470
0.0000311124
0.0013900700
0.0009009970
0.0004786790
0.0005137210
0.0001507000
-0.0001008740
0.0024455300
0.0012360100
-0.0015956100
0.0004625040
0.0003983820
-0.0001864090
0.0001605970
0.0001701910
-0.0008651460
0.0010929200
0.0017684300
0.0005661660
0.0008709860
-0.0024505400
0.0007056100
0.0007449070
-0.0001577190
0.0001570060
-0.0018106000
0.0007464340
0.0000262108
0.0003355600
-0.0000094278
-0.0005505080
-0.0001268350
0.0002188820
0.0002009270
-0.0004861110
0.0020429900
0.0010153500
-0.0003956680
0.0008000010
-0.0005665940
0.0003136360
-0.0001053450
-0.0003766460
0.0000451597
-0.0001010290
0.0005329940
-0.0013667600
0.0013469500
0.0019637900
-0.0002710900
-0.0009770380
-0.0016097700
-0.0012065700
-0.0003702950
-0.0009832990
0.0001293380
0.0004612490
-0.0001306910
0.0004920780
-0.0009702410
-0.0000552954
0.0003962340
0.0003263860
-0.0005252840
0.0015546100
0.0015958200
-0.0012287300
-0.0010750800
0.0006095640
0.0005478800
-0.0005825190
-0.0005608880
-0.0001430580
0.0002816010
-0.0010628800
0.0004252250
0.0000413238
-0.0017638000
-0.0010603500
-0.0011765200
-0.0007917260
0.0014058000
-0.0005951950
-0.0008032540
-0.0000250330
0.0002819360
0.0017722200
0.0010691500
0.0013310300
-0.0007611770
0.0013369600
0.0013982500
0.0016563500
0.0009400980
-0.0010941300
0.0013457100
-0.0008382740
-0.0001681940
-0.0000997310
-0.0004868800
-0.0006126260
0.0005850560
0.0004949100
-0.0007324750
0.0003751360
-0.0000320123
0.0004436390
-0.0004797640
-0.0001619060
-0.0003497420
-0.0007196070
-0.0019400600
-0.0015973900
0.0000502423
-0.0005708900
-0.0003708920
0.0002566660
0.0004669570
0.0000660101
-0.0010417000
-0.0002235700
0.0002903350
-0.0010512200
-0.0000243505
0.0004493040
-0.0009806990
0.0016494000
0.0023732000
-0.0015108700
0.0001432630
0.0018485200
0.0016533800
0.0000959904
-0.0005055970
-0.0005491550
-0.0003639280
-0.0002645170
0.0001536380
-0.0003354050
-0.0002616960
0.0008778800
-0.0010652900
0.0000406407
-0.0004435920
0.0002534410
0.0006598480
-0.0009849110
0.0003673920
0.0002883710
-0.0011438400
0.0009670920
-0.0003782970
-0.0000873239
0.0000249688
-0.0008862700
0.0008110210
-0.0011149000
-0.0009072750
-0.0011705400
-0.0020799000
-0.0018726500
0.0000652450
0.0015810400
0.0017902600
-0.0012406200
0.0003811090
0.0007315470
-0.0005789420
0.0002897810
-0.0010727500
-0.0002253860
-0.0023395600
-0.0011708400
0.0009497900
0.0003623490
0.0003533810
-0.0011267400
-0.0013182100
0.0011482700
0.0007879580
-0.0004448350
-0.0002139180
0.0008063530
-0.0012120600
-0.0002033700
0.0007990830
-0.0003519720
0.0008066790
-0.0000662257
0.0000125949
-0.0021251300
-0.0018792700
-0.0008964810
0.0006550330
0.0007985850
-0.0009796720
0.0000569352
0.0003609470
-0.0003716160
-0.0001109190
-0.0000821598
-0.0000442241
0.0007170960
-0.0005521040
0.0002411440
0.0005984790
-0.0004218980
-0.0004776820
0.0000871091
-0.0000162438
-0.0002920590
0.0006607780
0.0000915349
-0.0002792270
0.0000616489
-0.0004603450
-0.0000958418
0.0000377973
-0.0000716681
0.0005675760
-0.0000537018
-0.0007341720
0.0014497400
0.0018528000
0.0000389735
0.0003002070
-0.0000929230
0.0008810910
0.0001798550
-0.0014800600
-0.0000629550
-0.0001009270
-0.0013073000
-0.0023198000
-0.0015382300
-0.0012607100
-0.0014269300
0.0000855216
-0.0001607520
0.0005909310
-0.0002097740
-0.0006289470
0.0014580900
0.0017640900
-0.0011587100
-0.0021712600
0.0001167720
-0.0005702190
0.0002150040
0.0000102146
0.0010142000
-0.0003654880
-0.0012576500
-0.0000478621
0.0001608480
0.0029246100
-0.0000327632
-0.0008396370
-0.0021245900
-0.0010459700
0.0024009600
-0.0003149760
0.0013163900
-0.0004150380
-0.0011888100
-0.0008336610
0.0004508650
0.0007330250
-0.0011347900
0.0028849800
0.0002884540
0.0006984460
0.0000813805
-0.0016334300
0.0005227220
-0.0001405700
0.0002198690
0.0008538330
0.0004118520
-0.0013512600
-0.0017463400
-0.0002404330
-0.0007981980
0.0005144090
0.0021634500
0.0007016000
0.0001866140
-0.0009471550
0.0004476480
0.0000588464
-0.0004244280
0.0000117244
-0.0000089012
-0.0004017070
0.0002454970
-0.0007533970
0.0012373800
0.0016435300
-0.0003518200
0.0014373700
-0.0033076800
-0.0022485200
-0.0005989250
0.0005862050
0.0006803880
-0.0007190090
-0.0000794529
-0.0011156300
0.0006384260
0.0001195720
0.0002589610
-0.0004444860
-0.0010813700
0.0010085700
-0.0000652860
-0.0001899300
0.0002029940
-0.0005388870
-0.0004015340
-0.0003881850
0.0008798660
-0.0002128460
0.0000960121
-0.0004416400
-0.0002992120
0.0012926600
-0.0009507140
-0.0007916870
-0.0006051380
0.0006615730
-0.0002201270
0.0007933420
0.0001805210
-0.0003371100
0.0014795700
-0.0011472500
0.0013235300
0.0011562800
0.0005417900
0.0000958312
0.0002343900
0.0016058700
0.0011975200
0.0007664660
0.0006331440
-0.0012736100
0.0002362990
0.0005828910
-0.0016694400
0.0019805000
-0.0003870440
0.0005007170
-0.0000163777
0.0019052100
0.0031740100
0.0004601200
0.0012281300
-0.0009951570
0.0011537600
0.0001158870
0.0005610120
0.0002802630
-0.0009891980
0.0009499070
-0.0007645810
-0.0001397010
-0.0004717190
-0.0001288430
0.0009085410
0.0003178320
0.0000763618
-0.0002115120
0.0002858800
-0.0005213690
-0.0000508565
0.0009638480
0.0017590600
0.0005589630
0.0001364000
0.0000665532
-0.0003119490
0.0014752200
-0.0012963000
-0.0000118372
-0.0000962735
-0.0027064900
-0.0003629740
-0.0002861830
0.0002978790
-0.0001502380
0.0025788000
0.0012276300
-0.0001062170
0.0006172870
-0.0021322800
0.0005030370
0.0012132200
-0.0004220230
-0.0003139110
0.0006198770
-0.0006924780
-0.0001223110
-0.0004625170
0.0001331050
0.0003067820
-0.0008443970
0.0012607600
-0.0011144600
-0.0018509700
-0.0013037300
0.0000093384
0.0012871900
-0.0006991370
-0.0007093780
0.0021197100
0.0017146400
0.0000509491
0.0004489810
-0.0005747680
0.0013663000
0.0008430290
-0.0005451300
0.0005299200
0.0007313070
0.0013485400
-0.0009127730
-0.0013487900
0.0003369630
0.0005375900
0.0006812660
-0.0005431580
-0.0002505550
-0.0000271040
-0.0008534230
-0.0000383123
0.0011471700
0.0011100700
-0.0006850760
-0.0003922580
0.0007608560
-0.0001993660
-0.0004842910
0.0004916110
0.0000524777
0.0004197900
-0.0008221070
-0.0000484591
0.0003138120
0.0000129713
-0.0001103090
-0.0010641000
0.0013267200
-0.0006955100
-0.0001057670
0.0011497600
0.0014712400
0.0002217250
0.0010341700
0.0018787500
0.0002118910
0.0003824960
-0.0011784600
0.0012959700
0.0000960251
-0.0014305200
-0.0008515560
-0.0003103570
0.0008034940
-0.0000689631
0.0003875590
0.0020254500
0.0013597800
0.0000183835
0.0000653825
-0.0008820980
-0.0002537690
-0.0001076170
0.0002881580
0.0002300940
-0.0003946480
