0.0000000000
0.0000001902
0.0000000894
0.0000002262
0.0000001242
-0.0000001218
-0.0000000964
-0.0000003392
-0.0000002488
-0.0000001177
0.0000000953
0.0000014984
0.0000001018
0.0000001887
-0.0000002123
0.0000004969
0.0000000062
0.0000010412
0.0000004428
-0.0000003535
0.0000005997
0.0000001602
0.0000017546
-0.0000014434
0.0000021353
-0.0000018119
0.0000023830
-0.0000029223
0.0000023642
-0.0000017501
0.0000027238
-0.0000004932
0.0000023358
0.0000015584
0.0000001325
0.0000043057
-0.0000039931
0.0000071593
0.0000012921
-0.0005212830
-0.0015458200
-0.0017458100
-0.0018855900
-0.0026417900
-0.0025353800
-0.0013133200
-0.0009190750
-0.0006818500
-0.0010062200
-0.0034323700
-0.0025677600
0.0003145950
0.0006499680
0.0007961250
0.0007356230
-0.0010065300
-0.0028087500
-0.0025879400
-0.0023953600
-0.0041092400
-0.0044471400
-0.0030257800
-0.0037764700
-0.0044907700
-0.0037800000
-0.0036301400
-0.0042218900
-0.0054127200
-0.0059809400
-0.0072706300
-0.0087550700
-0.0089185300
-0.0088331500
-0.0075160300
-0.0053133400
-0.0060917100
-0.0105427000
-0.0138791000
-0.0121080000
-0.0095988800
-0.0103691000
-0.0092698900
-0.0061041000
-0.0048074500
-0.0043370900
-0.0051982600
-0.0078317000
-0.0093769500
-0.0084226900
-0.0070996100
-0.0072031600
-0.0062809700
-0.0050366100
-0.0047946500
-0.0037996700
-0.0035500200
-0.0030502000
-0.0025961000
-0.0037052500
-0.0030523500
-0.0020290200
-0.0021280400
-0.0018904200
-0.0017162500
-0.0013631100
-0.0011569900
-0.0006813680
-0.0005241710
-0.0007988390
-0.0005905720
-0.0000313746
0.0014817000
0.0019619800
0.0019141000
0.0035323400
0.0057475500
0.0073740000
0.0074094400
0.0063763900
0.0054314300
0.0076552200
0.0110726000
0.0113089000
0.0114211000
0.0109472000
0.0110713000
0.0135655000
0.0138526000
0.0126457000
0.0131143000
0.0128807000
0.0099967000
0.0108250000
0.0145014000
0.0141408000
0.0116499000
0.0103919000
0.0105680000
0.0087700000
0.0051530700
0.0018290600
-0.0011642000
-0.0036361500
-0.0051678300
-0.0053235400
-0.0026388200
0.0004920990
0.0011569300
0.0014269600
0.0005689770
0.0005370110
0.0009094210
0.0013073600
0.0017188000
0.0003245570
-0.0003396880
0.0000513507
0.0001871280
-0.0004261540
-0.0000700062
0.0000240668
-0.0002022940
-0.0002615300
-0.0008431780
-0.0003440650
-0.0002349310
-0.0005027300
-0.0012113600
-0.0022112900
-0.0018336400
-0.0003755020
-0.0000678935
-0.0014431700
-0.0002273910
0.0014104700
0.0020500700
0.0042236200
0.0059867800
0.0068980600
0.0069063700
0.0066617700
0.0053460500
0.0035185300
0.0028895100
0.0029899100
0.0031180700
0.0032595700
0.0034876300
0.0024940300
0.0023887000
0.0021151600
0.0014870300
0.0016445500
0.0010760500
0.0013747000
0.0012881500
0.0006405760
0.0007599430
0.0007745480
0.0003975230
0.0016843600
0.0038936500
0.0041273700
0.0035870000
0.0029826800
0.0030125700
0.0028831800
0.0016232100
-0.0016332400
-0.0048220900
-0.0046565400
-0.0039944500
-0.0038759100
-0.0041092000
-0.0047252300
-0.0040389000
-0.0001877250
0.0012310400
-0.0019675600
-0.0035782200
-0.0039029700
-0.0037846300
-0.0034754600
-0.0027953500
-0.0024394300
-0.0024931600
-0.0016665700
0.0007790030
0.0033229400
0.0030723400
0.0032521500
0.0033014600
0.0028355500
0.0028120600
0.0022933200
0.0023732800
0.0022665300
0.0013470100
-0.0005513540
-0.0000788187
0.0009380130
0.0009029810
0.0015511300
0.0004448830
-0.0025643000
-0.0058295000
-0.0060477300
-0.0056866200
-0.0053038000
-0.0052479800
-0.0060741700
-0.0046511600
-0.0040304200
-0.0049274700
-0.0043492400
-0.0021785200
-0.0016561400
-0.0019953700
-0.0007961020
0.0007078270
0.0009115480
0.0011379800
0.0006589760
0.0002387890
0.0009439690
-0.0000826489
-0.0016764600
-0.0025409300
-0.0017087200
-0.0009985880
-0.0007371260
-0.0006474600
-0.0008697320
-0.0008752660
-0.0007742930
-0.0007590820
-0.0017877300
-0.0023065800
-0.0021572100
-0.0011002100
0.0000434990
-0.0002735150
-0.0016966400
-0.0028054500
-0.0036718600
-0.0035307800
-0.0028123600
-0.0032129100
-0.0032005800
-0.0031168300
-0.0022418600
-0.0014391000
-0.0020076200
-0.0024089200
-0.0028176700
-0.0031255300
-0.0030991600
-0.0032034500
-0.0051079900
-0.0078070200
-0.0082073100
-0.0076654200
-0.0077969800
-0.0069413900
-0.0058897500
-0.0059025100
-0.0055849900
-0.0050583700
-0.0043438500
-0.0039858900
-0.0052231700
-0.0083921600
-0.0105462000
-0.0096879100
-0.0092713100
-0.0091392300
-0.0077451500
-0.0075239100
-0.0074272900
-0.0071784900
-0.0067663700
-0.0045126100
-0.0034733100
-0.0017628200
0.0003191400
0.0009285360
0.0010795700
-0.0002142430
0.0012583500
0.0043516200
0.0050833900
0.0043870000
0.0038976400
0.0043541000
0.0036364300
0.0030054300
0.0036626600
0.0033889100
0.0016954400
0.0009103050
0.0018490400
0.0009431140
-0.0000437778
0.0005935410
0.0010729100
0.0011192500
0.0002906050
0.0002206480
0.0003447640
-0.0006765690
-0.0031020400
-0.0054437200
-0.0051159600
-0.0039073100
-0.0033988200
-0.0028649500
-0.0026571500
-0.0027916700
-0.0027524000
-0.0023650400
-0.0023804500
-0.0014174300
0.0002823950
0.0018611800
0.0044019400
0.0058376200
0.0048445500
0.0012963500
-0.0010456800
-0.0021096200
-0.0021424900
-0.0001670660
0.0003442550
-0.0003657930
-0.0014951900
-0.0011393500
0.0005655430
0.0013962000
0.0006660340
0.0016364200
0.0047427500
0.0058151900
0.0061526300
0.0062452000
0.0051931000
0.0041913600
0.0050230600
0.0058952400
0.0046165000
0.0035132500
0.0028369000
0.0027748300
0.0032993300
0.0033892100
0.0029717400
0.0023054100
0.0025831800
0.0029931700
0.0027779500
0.0019906700
0.0018481400
0.0015965700
0.0011654600
0.0013389300
0.0008565240
0.0007339990
0.0006554740
0.0006360150
0.0008681850
0.0010331900
0.0009352820
0.0005671130
-0.0018388900
-0.0044714200
-0.0047123100
-0.0047969500
-0.0025176600
0.0005585140
0.0019693200
0.0025800700
0.0026943100
0.0023751800
0.0017415400
0.0023774800
0.0024792700
0.0014164300
0.0013914600
0.0013700400
0.0007325290
0.0015792300
0.0022709300
0.0023594300
0.0024635500
0.0015708600
0.0007460490
0.0006107110
0.0012046500
0.0012441100
0.0014016600
0.0021882400
0.0017254300
0.0010176300
0.0007815400
0.0005625290
0.0007964040
0.0023392900
0.0054834700
0.0068788600
0.0064090200
0.0084594100
0.0103761000
0.0096583800
0.0090428800
0.0109654000
0.0138855000
0.0127734000
0.0104002000
0.0098853000
0.0095582300
0.0090711800
0.0086185800
0.0085524000
0.0083729300
0.0078128400
0.0072881200
0.0068494000
0.0086786900
0.0115783000
0.0120486000
0.0120459000
0.0104356000
0.0082478600
0.0066079800
0.0054206600
0.0057663600
0.0058177700
0.0060280600
0.0066445500
0.0069935800
0.0058520600
0.0054055000
0.0055035900
0.0023337100
-0.0006876420
-0.0023415100
-0.0047551300
-0.0047158300
-0.0038424600
-0.0035180000
-0.0021104500
-0.0017764000
-0.0018010600
-0.0007949440
0.0014876800
0.0024798200
0.0020913700
0.0024908200
0.0035017100
0.0040148200
0.0033300200
0.0034911900
0.0038640100
0.0043738200
0.0037197600
0.0036794800
0.0047296100
0.0038471800
0.0044227000
0.0049309900
0.0045608300
0.0051426900
0.0056998300
0.0054330500
0.0068829700
0.0083204700
0.0060346100
0.0049093100
0.0045341800
0.0035725400
0.0034783700
0.0036438000
0.0016630000
-0.0017865400
-0.0026183100
-0.0021925000
-0.0012375600
-0.0013035000
-0.0040339100
-0.0068460000
-0.0089561300
-0.0105629000
-0.0110894000
-0.0096163700
-0.0061538400
-0.0060115400
-0.0065683900
-0.0025875500
-0.0005736070
-0.0013236700
-0.0012732300
-0.0003547780
-0.0000429800
-0.0000532771
0.0007601170
0.0011212000
0.0024124300
0.0044504500
0.0054666400
0.0060377200
0.0062491000
0.0058518300
0.0076962600
0.0106996000
0.0095927900
0.0078171600
0.0080909600
0.0077183700
0.0071428500
0.0069541100
0.0057910100
0.0056018900
0.0079644600
0.0096513300
0.0103531000
0.0080934800
0.0058339200
0.0068172700
0.0068978200
0.0064041500
0.0043528100
0.0030178700
0.0035505700
0.0036480300
0.0037019900
0.0028998400
0.0020422300
0.0019854000
0.0022491500
0.0018153200
0.0031894200
0.0059117800
0.0060874300
0.0060441300
0.0058382300
0.0051785900
0.0050117800
0.0041902600
0.0035706800
0.0032621500
0.0034469200
0.0023962100
0.0022062400
0.0052424900
0.0065012900
0.0048338000
0.0019952900
-0.0008630760
-0.0023237500
-0.0034645200
-0.0040404500
-0.0031809500
-0.0026357000
-0.0021008700
-0.0024139500
-0.0032313500
-0.0026705100
-0.0017829500
-0.0018491600
-0.0007258030
0.0023632600
0.0025475800
0.0001428280
-0.0003156450
0.0008254330
0.0007373300
-0.0004135900
-0.0010628200
-0.0008542870
-0.0015466900
-0.0020490800
-0.0014513900
-0.0030104300
-0.0055196800
-0.0072839800
-0.0086620200
-0.0074507000
-0.0061391000
-0.0070517900
-0.0073476000
-0.0065750500
-0.0041261500
-0.0010905200
0.0013044500
0.0017610300
0.0021899200
0.0046717600
0.0072856600
0.0092716600
0.0084650900
0.0081063000
0.0080183100
0.0064755100
0.0057551200
0.0047812300
0.0033816500
0.0031146300
0.0039358500
0.0034277000
0.0028379200
0.0029658900
0.0031534100
0.0028967200
0.0020720500
0.0014309000
0.0002987570
-0.0022864300
-0.0055338400
-0.0066325100
-0.0066653700
-0.0071016600
-0.0067067700
-0.0055325900
-0.0046255400
-0.0052382500
-0.0060886700
-0.0055949300
-0.0059349900
-0.0065514500
-0.0056742000
-0.0057808700
-0.0047241700
-0.0005098880
0.0003560440
-0.0009905090
0.0010005500
0.0043070800
0.0056865800
0.0048874100
0.0035237400
0.0023925400
0.0016174300
0.0013940500
0.0011165600
0.0004604360
0.0010216200
0.0007673640
-0.0002752600
-0.0006436200
-0.0007824270
0.0001539170
-0.0001680150
-0.0007482100
-0.0000600777
-0.0008799320
-0.0009873850
-0.0003506410
-0.0007771430
-0.0007830850
-0.0015577400
-0.0015183600
-0.0017009100
-0.0035281700
-0.0052806700
-0.0080394300
-0.0112808000
-0.0122228000
-0.0097641000
-0.0058151500
-0.0048703900
-0.0053537900
-0.0039015900
-0.0034791200
-0.0035106500
-0.0040172000
-0.0049865500
-0.0071073100
-0.0099874600
-0.0094888800
-0.0075482300
-0.0063219100
-0.0066179600
-0.0085058600
-0.0080674500
-0.0056266400
-0.0048927500
-0.0051783100
-0.0042385200
-0.0043304800
-0.0053885600
-0.0044304700
-0.0036845300
-0.0029833100
-0.0020564500
-0.0019602900
-0.0038577300
-0.0074450100
-0.0095921000
-0.0091431000
-0.0070880700
-0.0067566700
-0.0071664400
-0.0062550800
-0.0058211000
-0.0058730100
-0.0056426100
-0.0053611200
-0.0043278900
-0.0038589300
-0.0038828800
-0.0027959500
-0.0024268900
-0.0031215800
-0.0032760900
-0.0029741100
-0.0030581700
-0.0024838300
-0.0015812200
-0.0016530100
-0.0017493100
-0.0020125300
-0.0024082500
-0.0022921800
-0.0021611400
-0.0015311600
-0.0009287130
-0.0016233900
-0.0008183850
0.0024261800
0.0040802800
0.0041144100
0.0040183100
0.0044937600
0.0051993600
0.0035758200
0.0018304700
0.0015398400
0.0000733537
-0.0034281100
-0.0069052600
-0.0091155600
-0.0110622000
-0.0115715000
-0.0108229000
-0.0096377400
-0.0085824600
-0.0087798500
-0.0073548500
-0.0037222300
-0.0028704500
-0.0058762700
-0.0074398200
-0.0073493500
-0.0071683800
-0.0064408400
-0.0049961300
-0.0040123000
-0.0052902200
-0.0061737700
-0.0056267500
-0.0022518100
0.0006967850
-0.0001943270
-0.0030388000
-0.0058807700
-0.0041559100
-0.0018469000
-0.0007485550
0.0001743820
-0.0013852800
-0.0032381100
-0.0033771400
-0.0019964100
-0.0022427400
-0.0003949340
0.0026929000
0.0034514400
0.0039573100
0.0021789000
0.0009539520
0.0012558800
0.0012424700
0.0021900800
0.0032554200
0.0021175500
-0.0010206000
-0.0028651700
-0.0036638200
-0.0036775300
-0.0008334090
0.0019892000
0.0027027600
0.0017755200
0.0011668900
0.0015736100
0.0011105200
0.0006344900
0.0005914910
0.0001519550
-0.0000075876
-0.0004976420
0.0000024187
0.0027808000
0.0038285200
0.0046036900
0.0024735300
-0.0030588300
-0.0055876600
-0.0052040900
-0.0036110600
-0.0033899200
-0.0039181100
-0.0047918600
-0.0049112400
-0.0038295500
-0.0031901100
-0.0031409500
-0.0043887300
-0.0041458600
-0.0029400500
-0.0029761500
-0.0027511200
-0.0028792000
-0.0035809500
-0.0040892900
-0.0033258100
-0.0024470900
-0.0023872100
-0.0025487000
-0.0030775400
-0.0018980100
-0.0014334600
-0.0030126000
-0.0041471700
-0.0037973600
-0.0030983200
-0.0023220100
-0.0012155900
-0.0012795100
-0.0000856276
0.0002409370
0.0003935560
0.0027593300
0.0042056700
0.0045237300
0.0045197300
0.0059742700
0.0082535100
0.0095596000
0.0102293000
0.0088833600
0.0072490300
0.0075228400
0.0059399700
0.0058172500
0.0069410800
0.0065580600
0.0065597700
0.0079159500
0.0122520000
0.0148854000
0.0154535000
0.0145765000
0.0136927000
0.0139446000
0.0136056000
0.0134490000
0.0118081000
0.0109309000
0.0103322000
0.0087240800
0.0075123600
0.0063974500
0.0066937700
0.0073972300
0.0072498500
0.0066063100
0.0062108000
0.0055424000
0.0045965900
0.0051523100
0.0074121800
0.0091204600
0.0091431500
0.0086902300
0.0078376700
0.0084030900
0.0079777400
0.0061458800
0.0056003900
0.0024954000
-0.0006436440
-0.0012232200
-0.0011251000
-0.0009033550
0.0015034800
0.0050676400
0.0057868400
0.0058675400
0.0039914400
0.0021386400
0.0036425200
0.0041475300
0.0031440600
0.0032171900
0.0029180200
0.0019217700
0.0012208300
0.0008174910
0.0011861400
0.0005859950
0.0009472900
0.0010231400
-0.0019077700
-0.0048141200
-0.0057223600
-0.0040654600
-0.0032087300
-0.0043399400
-0.0026716700
0.0012159600
0.0028319300
0.0031111500
0.0027697700
0.0033379100
0.0052321900
0.0051479300
0.0047657700
0.0056407700
0.0072426000
0.0071468100
0.0044570800
0.0031634800
0.0037811400
0.0046884900
0.0044881300
0.0034023900
0.0028941500
0.0018416700
0.0008516250
0.0018587900
0.0039011700
0.0040312500
0.0027036300
0.0028682900
0.0032074700
0.0023181900
0.0021597200
0.0025327800
0.0028078300
0.0022179600
0.0012198400
0.0013886100
0.0016056100
0.0013971900
0.0001652180
0.0004086780
0.0009890840
0.0001465090
0.0011438600
0.0035917000
0.0049709300
0.0058309900
0.0082262800
0.0096562500
0.0095410800
0.0080927700
0.0076302100
0.0084305000
0.0065423400
0.0038759000
0.0024796600
0.0027759600
0.0032857200
0.0033616500
0.0054515700
0.0083286500
0.0090650900
0.0085012200
0.0071089000
0.0055065600
0.0047649400
0.0045992900
0.0047717000
0.0042731800
No. of output= 4016
0.0038456700
0.0040363600
0.0037694400
0.0031415000
0.0021846100
0.0008025240
0.0020619800
0.0032635300
0.0015667800
0.0016414000
0.0020874600
0.0015673500
0.0015065600
0.0016648200
0.0014782900
0.0000640068
-0.0029962100
-0.0056387100
-0.0061059800
-0.0053777600
-0.0031345700
-0.0001210890
0.0008965140
-0.0023417400
-0.0053499100
-0.0029058100
0.0008349130
-0.0000234090
-0.0001921420
0.0021056200
0.0015226700
0.0021315900
0.0035903900
0.0045415900
0.0053622500
0.0045720300
0.0039666200
0.0038914800
0.0020116900
-0.0007970530
-0.0013597500
-0.0036837600
-0.0046922200
-0.0028576100
-0.0011869200
0.0002351880
-0.0002966450
-0.0007432400
-0.0021718000
-0.0019005800
-0.0026917600
-0.0066325900
-0.0091010800
-0.0122000000
-0.0123110000
-0.0090343500
-0.0090348100
-0.0101737000
-0.0102135000
-0.0115492000
-0.0111481000
-0.0090987400
-0.0072638400
-0.0053543500
-0.0052882400
-0.0060946700
-0.0058798800
-0.0051485800
-0.0052724400
-0.0054609600
-0.0047433000
-0.0054168900
-0.0083959200
-0.0103082000
-0.0103715000
-0.0098083600
-0.0083678600
-0.0073696500
-0.0064297700
-0.0060323100
-0.0060871900
-0.0053504100
-0.0055922100
-0.0047171800
-0.0037941200
-0.0044641600
-0.0057098400
-0.0086593300
-0.0095022500
-0.0085092300
-0.0085251100
-0.0080124900
-0.0071632100
-0.0060501100
-0.0052734400
-0.0054280800
-0.0058278300
-0.0056850700
-0.0047396600
-0.0039571500
-0.0033610100
-0.0030981200
-0.0032581600
-0.0035015200
-0.0026259100
-0.0021716000
-0.0016068500
-0.0010546100
-0.0024984600
-0.0022475500
-0.0017753900
-0.0014484800
-0.0001709220
0.0001125750
-0.0007817320
-0.0010293600
-0.0002749250
-0.0006443920
-0.0011579000
-0.0003323910
-0.0000255000
-0.0000799049
0.0009885370
0.0005778600
-0.0004235040
0.0022132900
0.0060268200
0.0064756600
0.0064514800
0.0061269100
0.0054242200
0.0060398900
0.0065920200
0.0057153300
0.0046722600
0.0034335000
0.0004009180
-0.0008425110
-0.0002697640
0.0001970070
0.0002001260
0.0000259395
-0.0005860140
-0.0003875890
-0.0009152220
-0.0015608400
0.0001927230
0.0006305830
0.0008628150
0.0010476200
0.0004611900
0.0006366910
0.0009412360
0.0008656920
-0.0005504740
-0.0003210550
0.0032257600
0.0045698200
0.0045615000
0.0048422300
0.0045593200
0.0040955200
0.0042615700
0.0065498100
0.0078181000
0.0077262800
0.0088270100
0.0110145000
0.0125768000
0.0098402700
0.0076037600
0.0096184200
0.0089003300
0.0073409200
0.0062261900
0.0042014300
0.0023172800
0.0014418400
0.0009426030
0.0002534580
0.0009062880
-0.0005684930
-0.0021215000
-0.0004298410
0.0013661800
0.0011125900
0.0015388900
0.0015874000
0.0009891440
0.0016886600
0.0033263800
0.0049609700
0.0049657600
0.0074981300
0.0115346000
0.0142427000
0.0153768000
0.0134889000
0.0128802000
0.0138644000
0.0119190000
0.0096540100
0.0091734000
0.0069847700
0.0030303400
0.0016748800
0.0018858000
0.0008546160
0.0009500330
0.0019883600
0.0019276500
0.0007099640
0.0003072930
0.0000389812
-0.0003678390
0.0011214300
-0.0011896700
-0.0059129500
-0.0071764300
-0.0077811800
-0.0066432200
-0.0054418000
-0.0057443000
-0.0046840800
-0.0040085300
-0.0035769900
-0.0035923100
-0.0037172700
-0.0022581700
-0.0016938700
-0.0022545800
-0.0025655000
-0.0022597800
-0.0017295600
-0.0018433200
-0.0037829600
-0.0068037200
-0.0077735200
-0.0055188900
-0.0015481300
0.0003643750
0.0003607540
-0.0001048720
-0.0004071610
0.0005423300
0.0022491600
0.0027245200
0.0006023680
0.0000192294
0.0004525530
-0.0006182920
0.0000044500
0.0009387550
0.0011681500
0.0009120340
0.0003372580
0.0003644380
0.0000686098
0.0000892939
-0.0005051940
0.0006952620
0.0046680800
0.0071842300
0.0091644200
0.0112362000
0.0108111000
0.0094561400
0.0088050400
0.0085842600
0.0088291900
0.0086081000
0.0099904300
0.0117407000
0.0119794000
0.0145986000
0.0171280000
0.0156520000
0.0140679000
0.0134669000
0.0129935000
0.0129559000
0.0135035000
0.0125997000
0.0096914500
0.0090260200
0.0085098900
0.0076938600
0.0074755300
0.0074650500
0.0102684000
0.0135064000
0.0129915000
0.0112265000
0.0101088000
0.0078216400
0.0070463900
0.0078932800
0.0095735500
0.0119050000
0.0122772000
0.0111251000
0.0107525000
0.0108780000
0.0081788600
0.0052157800
0.0057943400
0.0070746000
0.0071564500
0.0057524800
0.0052224300
0.0056060000
0.0045453500
0.0040324800
0.0057587500
0.0058172000
0.0032883100
0.0015547400
-0.0013299300
-0.0033248200
-0.0043505700
-0.0050062900
-0.0039656500
-0.0033254200
-0.0032803900
-0.0035333900
-0.0033504900
-0.0033402900
-0.0033392800
-0.0028035000
-0.0022933600
-0.0022520500
-0.0027359300
-0.0030378200
-0.0019449500
-0.0014291900
-0.0022136400
-0.0028813400
-0.0027506900
-0.0039440700
-0.0050583000
-0.0016348500
0.0003433560
0.0000053665
0.0003557340
0.0004442900
0.0001051710
-0.0002054020
-0.0001950740
-0.0003261400
-0.0000203518
0.0003969970
0.0004635150
0.0002512240
0.0007473350
0.0004803370
0.0003271060
-0.0003706350
-0.0015740600
-0.0001733540
-0.0009674460
-0.0047517500
-0.0067694400
-0.0057435500
-0.0044063800
-0.0044290000
-0.0034061600
-0.0026148600
-0.0032363300
-0.0043823800
-0.0076072300
-0.0096423900
-0.0111645000
-0.0135647000
-0.0134646000
-0.0123503000
-0.0106922000
-0.0099424600
-0.0096416700
-0.0078309600
-0.0077961800
-0.0078087000
-0.0034826300
-0.0004302380
0.0005586280
-0.0002516810
-0.0036525600
-0.0025405300
0.0002844420
0.0009440130
0.0028556600
0.0059142200
0.0071625400
0.0070106400
0.0060173700
0.0056194200
0.0060863400
0.0046348000
0.0012712700
-0.0019668600
-0.0030747100
-0.0026124500
-0.0030993200
-0.0056114600
-0.0053997700
-0.0026956300
-0.0014643900
-0.0012823400
-0.0019393500
-0.0022397400
-0.0019845200
-0.0021089600
-0.0018437900
-0.0015535700
-0.0023723900
-0.0024447900
-0.0027910300
-0.0036964100
-0.0021468900
-0.0011136200
-0.0030221400
-0.0028435100
-0.0010864000
-0.0013737300
-0.0004618660
-0.0007081020
-0.0010630700
0.0015927800
0.0031392000
0.0036929600
0.0028866700
0.0018795200
0.0022622900
0.0013585800
-0.0008718300
-0.0017122400
-0.0002832930
0.0022032700
0.0025837100
0.0002992110
-0.0013149400
-0.0013818200
-0.0010211200
-0.0013848200
-0.0009462660
-0.0013191900
-0.0023462800
-0.0019605200
-0.0007150330
0.0029309800
0.0056393000
0.0073844000
0.0073167700
0.0053333600
0.0057147200
0.0060845400
0.0050835200
0.0035617600
0.0033939500
0.0037094200
0.0029296000
0.0022831700
0.0014485400
0.0010129600
0.0011187600
0.0001680450
-0.0029049100
-0.0058229900
-0.0059456400
-0.0049911400
-0.0022120800
0.0003461660
-0.0001131510
-0.0000391830
0.0001289500
-0.0014474400
-0.0022235800
0.0008833900
0.0045365600
0.0045829100
0.0028629900
0.0033979800
0.0062023100
0.0065743000
0.0038322500
0.0016420300
0.0016268600
0.0029962800
0.0055536600
0.0071862000
0.0062552900
0.0052272500
0.0028653200
-0.0002427850
-0.0024158100
-0.0060089500
-0.0066780500
-0.0057093900
-0.0072393300
-0.0067452100
-0.0051458500
-0.0048661700
-0.0049626400
-0.0043950700
-0.0048125800
-0.0079419700
-0.0094915300
-0.0087471400
-0.0061314500
-0.0024722200
-0.0011763200
-0.0014995000
-0.0018055900
-0.0025827000
-0.0051653300
-0.0066453800
-0.0057280500
-0.0058597600
-0.0054564100
-0.0018002700
0.0007310740
0.0005190990
0.0003313310
0.0002270470
0.0003214820
0.0005858160
0.0001069240
0.0001533180
0.0003280860
-0.0000834377
0.0003034080
0.0001392280
0.0004202970
0.0004470260
-0.0000989740
0.0001010390
-0.0001556080
-0.0000856978
0.0002406570
0.0001006330
-0.0000100144
-0.0000073434
-0.0001259360
0.0000739675
-0.0003715290
-0.0013638800
-0.0010134100
-0.0008276020
-0.0010459600
-0.0010922600
-0.0013196500
-0.0005915500
-0.0024366100
-0.0057047800
-0.0063766700
-0.0062235000
-0.0058574900
-0.0042134900
-0.0026028200
-0.0023247400
-0.0026275100
-0.0030173600
-0.0027585200
-0.0026410600
-0.0028157100
-0.0054417800
-0.0080994100
-0.0080957500
-0.0076289700
-0.0059376300
-0.0056294500
-0.0063843100
-0.0049290700
-0.0041014200
-0.0049057000
-0.0041632600
-0.0029979800
-0.0025714800
-0.0023584000
-0.0012677600
-0.0006253420
-0.0019819500
-0.0026221700
-0.0029824300
-0.0030175300
-0.0021462200
-0.0013882500
-0.0009692890
-0.0007919510
-0.0007943740
-0.0008293640
-0.0001492450
0.0009363100
0.0006325900
0.0000584454
0.0000023685
-0.0007662610
-0.0009511440
-0.0001130380
0.0015860900
0.0034231900
0.0045932400
0.0060999000
0.0066382000
0.0049981300
0.0051687300
0.0066969400
0.0066266500
0.0062974900
0.0075295100
0.0081202800
0.0052312200
0.0037004800
0.0035904900
0.0034293400
0.0041970500
0.0042476800
0.0038814300
0.0026753200
0.0007930550
-0.0024003000
-0.0037807600
-0.0023565600
-0.0027302600
-0.0030186400
-0.0022504600
-0.0019291300
-0.0019261400
-0.0017493100
-0.0009048810
-0.0013980300
-0.0024908300
-0.0024771000
-0.0021131200
-0.0015424600
-0.0009133870
-0.0008409920
-0.0012940500
0.0006285390
0.0034608700
0.0041667500
0.0045857800
0.0046678600
0.0037691500
0.0028542000
0.0021039600
0.0023175600
0.0025369800
0.0025886700
0.0035466000
0.0026899500
0.0014259400
0.0015985100
0.0020844700
0.0015035000
0.0011776300
0.0018362000
0.0001989760
-0.0016737000
-0.0026935500
-0.0025540400
-0.0001364560
0.0014405500
0.0005456580
0.0002310590
0.0019392300
0.0027722200
0.0036869100
0.0039774300
0.0002046940
-0.0023835600
-0.0021847400
-0.0015125100
0.0001469140
-0.0008056360
-0.0027143500
-0.0024047700
-0.0023522300
-0.0025018900
-0.0016817100
-0.0016232700
-0.0022105100
-0.0018039200
-0.0012010700
-0.0021593400
-0.0026447900
-0.0014751600
-0.0020236200
-0.0026114000
-0.0021715000
-0.0024514400
-0.0023849600
-0.0018606000
-0.0017721500
-0.0012064700
-0.0007278790
-0.0011926500
-0.0011088300
-0.0016570000
-0.0025133700
-0.0016495000
-0.0010962400
-0.0010179400
-0.0000249954
-0.0000087140
-0.0009979580
-0.0014134100
-0.0010434400
-0.0026944100
-0.0038579700
-0.0015490100
-0.0013440200
-0.0021055500
-0.0020038900
-0.0021080400
-0.0017126200
-0.0029506700
-0.0038172400
-0.0025589300
-0.0014197800
-0.0008419980
-0.0003014410
0.0011119000
0.0025135200
0.0029993200
0.0035081200
0.0037181800
0.0033237000
0.0036390900
0.0014277800
-0.0029812600
-0.0043620900
-0.0034128700
-0.0016757000
-0.0025328000
-0.0039487900
-0.0046420400
-0.0074275000
-0.0084283500
-0.0077720700
-0.0065617400
-0.0051751000
-0.0048504900
-0.0051274200
-0.0060435700
-0.0061188900
-0.0048060000
-0.0036440900
-0.0037256600
-0.0039817800
-0.0041559300
-0.0054136900
-0.0057765900
-0.0049449800
-0.0056079200
-0.0048084400
-0.0038361700
-0.0063567000
-0.0078173900
-0.0077346300
-0.0074428000
-0.0065989500
-0.0068078100
-0.0066449600
-0.0057296100
-0.0055950900
-0.0042556200
-0.0031656900
-0.0024545200
-0.0012908400
-0.0017127600
-0.0026183500
-0.0036549500
-0.0030391600
-0.0032675900
-0.0058435400
-0.0065859700
-0.0070254800
-0.0078518300
-0.0045782300
0.0011498500
0.0031847400
0.0024066400
0.0018903100
0.0028009200
0.0030738200
0.0031587300
0.0063212100
0.0089250000
0.0086865300
0.0097413300
0.0124608000
0.0125870000
0.0119428000
0.0114949000
0.0108607000
0.0106368000
0.0092229100
0.0083361900
0.0082306000
0.0075964700
0.0059327400
0.0053564300
0.0059029100
0.0059834600
0.0059397400
0.0055308200
0.0053860000
0.0047812900
0.0047580300
0.0068449200
0.0091588000
0.0099264600
0.0093279600
0.0070416500
0.0056994700
0.0068100000
0.0071424200
0.0063916900
0.0057320300
0.0050040300
0.0037140800
0.0044010600
0.0054627500
0.0043866000
0.0040959500
0.0046038300
0.0044141200
0.0014604400
-0.0021218600
-0.0028976400
-0.0024413200
-0.0021761600
-0.0005995690
0.0024056900
0.0047455400
0.0032772700
0.0007843410
0.0021168300
0.0034244000
0.0034297900
0.0035555900
0.0048170400
0.0050100500
0.0029308500
0.0018625700
0.0017953500
0.0022789000
0.0035763400
0.0035511200
0.0028943700
0.0039576000
0.0045938000
0.0038963200
0.0048675400
0.0080867100
0.0099852200
0.0095857700
0.0077121300
0.0075638000
0.0086183100
0.0076026300
0.0060429500
0.0060945800
0.0064906700
0.0059353300
0.0056369400
0.0046756600
0.0041428400
0.0040517800
0.0043203200
0.0044875000
0.0039993800
0.0038704100
0.0033479800
0.0029423800
0.0024908700
0.0029435500
0.0026487700
0.0034413900
0.0075065400
0.0095385800
0.0081266500
0.0058444100
0.0055600900
0.0057746700
0.0049721900
0.0048541400
0.0047295800
0.0038754200
0.0042676200
0.0041293000
0.0029486800
0.0029343600
0.0030264100
0.0031657000
0.0022445800
0.0025017300
0.0025047500
0.0010030400
0.0013099700
0.0019996000
0.0022376900
0.0004884780
-0.0008372500
-0.0005780400
-0.0001898140
0.0006487850
0.0007199520
0.0006184110
0.0005888080
0.0007910040
0.0015892900
0.0012272900
0.0001486370
-0.0000661152
-0.0003459560
0.0013449700
0.0024945300
0.0008508550
0.0001533880
-0.0003439410
-0.0009876120
-0.0023861000
-0.0059644700
-0.0099557000
-0.0125151000
-0.0102312000
-0.0060103600
-0.0073252600
-0.0096392100
-0.0095870400
-0.0097715000
-0.0086811000
-0.0066234900
-0.0057137300
-0.0066156800
-0.0071394800
-0.0059392400
-0.0056750600
-0.0078514600
-0.0109190000
-0.0115762000
-0.0093746900
-0.0065901100
-0.0028980600
0.0005717260
-0.0009120600
-0.0041154900
-0.0039181300
-0.0035091500
-0.0041110600
-0.0035538800
-0.0020093500
0.0000799210
0.0017644300
0.0021643400
0.0020972200
0.0020681300
0.0028483000
0.0016790000
0.0004232290
0.0015700900
0.0023443500
0.0016926900
0.0014991700
0.0021327000
-0.0001455040
-0.0012403600
-0.0013587400
-0.0043209400
-0.0061041000
-0.0056944100
-0.0053464300
-0.0056468600
-0.0055132600
-0.0046700600
-0.0043024700
-0.0046807800
-0.0041748800
-0.0035560100
-0.0034391800
-0.0033862600
-0.0036287400
-0.0013078600
0.0019435100
0.0021528200
0.0025354900
0.0049905100
0.0067596200
0.0070373200
0.0070906400
0.0070356700
0.0067307600
0.0068986700
0.0067778800
0.0049390200
0.0051150100
0.0077813500
0.0078824700
0.0090228300
0.0093080400
0.0061306700
0.0046366400
0.0033820600
0.0035336400
0.0047452400
0.0044971700
0.0040063500
0.0038376800
0.0045253800
0.0064191700
0.0085338900
0.0083719100
0.0067760100
