0.000000000000
0.000000197241
-0.000000287779
0.000000436206
-0.000000525279
0.000000279398
-0.000000262060
0.000000003183
0.000000065515
0.000000052068
0.000000160179
0.000001301670
-0.000002639190
0.000002736730
-0.000003138520
0.000003858180
-0.000004330360
0.000005404080
-0.000005947790
0.000005154830
-0.000004192620
0.000003781170
-0.000002116130
-0.000001070380
0.000004674560
-0.000008609850
0.000012825800
-0.000018151000
0.000023416900
-0.000027508500
0.000032018300
-0.000035152900
0.000038049900
-0.000038683500
0.000037319900
-0.000032983000
0.000024695700
-0.000013426500
0.000007871100
-0.000549627000
-0.000551163000
0.000229755000
-0.000503487000
-0.000419716000
0.000335148000
0.000744946000
-0.000433051000
0.000611221000
-0.000997855000
-0.001592020000
0.002235300000
0.000563933000
-0.000192980000
0.000392480000
-0.000396479000
-0.001355670000
-0.000587290000
0.000609031000
-0.000600271000
-0.001353550000
0.000700026000
0.000445670000
-0.001447270000
0.000428005000
-0.000022318400
-0.000101163000
-0.000780231000
-0.000765999000
-0.000222502000
-0.001556010000
-0.000519576000
-0.000295813000
-0.000273627000
0.000987668000
0.000741779000
-0.001940860000
-0.003123710000
-0.001113570000
0.001926060000
-0.000217640000
-0.001289120000
0.001663860000
0.000934821000
-0.000040674500
0.000173719000
-0.001386630000
-0.001727450000
-0.000452589000
0.000750265000
0.000000235373
-0.000631384000
0.001056170000
-0.000229292000
0.000108605000
0.000569346000
-0.000590805000
0.000847162000
-0.000601337000
-0.000740258000
0.001143880000
-0.000307985000
0.000055616300
0.000033777300
0.000007342480
0.000232212000
-0.000119049000
0.000526855000
-0.000414128000
0.000090658100
0.000066356900
0.000469898000
0.001096670000
-0.000489368000
0.000584473000
0.001234670000
0.001322850000
0.000787623000
-0.000206861000
-0.000317664000
-0.000191730000
0.002898250000
0.001209960000
-0.000148081000
0.001098710000
-0.000747446000
0.001683770000
0.001719210000
-0.000420774000
0.000191360000
0.001227480000
-0.000502152000
-0.001537990000
0.003134390000
0.001476160000
-0.000780201000
-0.000759320000
0.000314352000
0.000634978000
-0.001719680000
-0.001383660000
-0.001682800000
-0.001285930000
-0.001363090000
-0.000493340000
-0.000049371700
0.002440370000
0.000611364000
0.000114294000
0.000251056000
-0.001035420000
0.001044250000
-0.000618485000
0.001098200000
-0.000575124000
-0.000743749000
0.000078946300
0.000301456000
-0.000156883000
-0.000465216000
0.000803061000
-0.000710682000
0.000477748000
-0.000554094000
-0.000068304400
0.000523624000
-0.000435847000
0.000140837000
-0.000912698000
-0.000213484000
0.000441928000
0.000934720000
-0.000643468000
-0.000787545000
0.001941700000
-0.000260193000
0.001027440000
0.001377530000
0.000762269000
0.000624298000
-0.000106773000
0.000362667000
-0.001235450000
-0.000265071000
-0.000127577000
0.000444857000
-0.000091384700
0.000468137000
0.000008811120
-0.000781763000
0.000856552000
-0.000963959000
0.000468709000
-0.000195675000
-0.000272467000
0.000661520000
-0.000649843000
0.000073411500
0.000097616700
-0.000026407300
-0.000307383000
0.001671010000
0.000744033000
-0.000214432000
-0.000041379800
-0.000320595000
0.000571638000
-0.000483549000
-0.000610197000
-0.002646620000
-0.000780350000
0.000596256000
-0.000253273000
0.000081496100
-0.000609345000
-0.000332563000
0.000695609000
0.002999650000
-0.001542400000
-0.001683360000
-0.000131872000
-0.000468836000
0.000303594000
-0.000262233000
0.000711031000
-0.000548215000
0.000312541000
0.000360606000
0.002052230000
0.000643017000
-0.000657705000
0.001070810000
-0.000779757000
0.000540226000
-0.000355387000
0.000024971900
0.000227126000
-0.000162716000
-0.000623509000
-0.001245510000
0.001694800000
-0.000646272000
0.000679151000
0.000059523600
-0.001092140000
-0.001995220000
-0.001579610000
0.000923246000
-0.000994988000
0.000972396000
-0.001305800000
0.000061962300
0.000965422000
-0.000664924000
-0.000562560000
0.000798588000
0.001131340000
-0.000750406000
0.000276480000
0.000819815000
0.000680857000
-0.000417401000
0.000719439000
-0.001132160000
0.000745090000
0.000003718900
-0.000998564000
-0.000660133000
-0.000359912000
0.001035370000
-0.000425108000
0.000622544000
-0.000583951000
0.000305714000
-0.000375618000
0.000415743000
-0.000457094000
-0.000665496000
-0.000004384770
-0.000010904500
0.000947751000
0.000156974000
-0.000482473000
-0.001013330000
-0.000261549000
-0.000843787000
0.000719172000
-0.000234730000
-0.000388082000
0.000163831000
-0.000313108000
0.000990401000
-0.000323423000
-0.000372231000
-0.000191989000
-0.000409558000
-0.000117528000
-0.000085723100
-0.000251054000
-0.001960070000
-0.001215360000
0.000224333000
-0.000267945000
-0.000433984000
0.000745901000
-0.000167568000
-0.000280173000
0.000173946000
-0.000039936200
0.000407633000
-0.000356935000
-0.001220050000
-0.002451170000
-0.000401429000
0.000513304000
-0.000796065000
0.000249024000
0.000522225000
-0.000864225000
0.000409339000
-0.000699315000
0.000597047000
0.001240660000
-0.000495938000
0.002013280000
0.000015433300
0.000639986000
-0.000414875000
-0.000847021000
0.002358120000
0.000942085000
0.000137727000
-0.000484781000
0.000301020000
0.000459829000
-0.000882750000
0.000496756000
0.000406448000
-0.000420085000
-0.001085840000
0.000396822000
0.000643697000
-0.001446630000
0.000492908000
0.000164691000
0.000376152000
-0.000248947000
-0.000527695000
0.000476597000
-0.000331624000
-0.000701948000
-0.001862910000
-0.000794005000
0.000732240000
0.000143567000
0.000095418700
0.000207394000
-0.000203290000
-0.000132226000
-0.000033004600
0.000231596000
-0.000422056000
0.001244980000
0.000412982000
0.001244870000
0.001526920000
0.000286477000
-0.000885501000
-0.002436180000
0.000103395000
-0.001283720000
0.001093990000
0.000796242000
-0.000278385000
-0.000432458000
-0.000765587000
0.001024240000
0.000659485000
0.000243538000
-0.000897634000
0.001952960000
0.001388680000
0.000073225500
0.000705681000
-0.000155793000
-0.000474376000
-0.000181189000
0.001352780000
-0.000077848200
-0.000813144000
0.000009781180
-0.000451888000
0.000596824000
0.000151730000
0.000184877000
-0.000367704000
-0.000103971000
0.000562075000
0.000053607800
-0.000055943200
-0.000555433000
0.000554507000
-0.000679011000
0.000349790000
-0.000083940500
-0.000317482000
0.000253628000
-0.000280898000
0.000309078000
-0.000021421500
0.000256562000
-0.000281857000
-0.000030892200
-0.002422030000
-0.000443272000
-0.000136380000
-0.000299041000
0.002308510000
0.000695399000
0.000808652000
-0.000030083900
0.000338879000
-0.000471003000
-0.000010784500
0.000798663000
-0.000517721000
-0.000401412000
0.000480016000
-0.000399564000
-0.000160393000
0.001092370000
-0.000258648000
0.000517951000
-0.000235923000
-0.000507946000
-0.000231401000
0.000146111000
0.000514793000
-0.000385008000
0.000640155000
0.000278845000
-0.000597279000
-0.000009335300
-0.000160393000
-0.000009038140
0.000293040000
0.001365510000
0.002067240000
-0.000215831000
0.000236146000
0.002362700000
0.000248800000
-0.000227502000
0.000301844000
0.002358760000
0.001478030000
-0.001606770000
0.000088371700
0.000145034000
0.000245117000
-0.000044974200
0.000244909000
0.000322313000
0.000122544000
-0.000085570700
0.000117885000
-0.000035101400
0.002437180000
0.001209700000
0.000132094000
0.000753964000
-0.001534980000
0.000036456700
-0.001128340000
0.000384727000
0.000373633000
0.000105089000
0.000542163000
0.000541795000
0.000310313000
-0.000977988000
0.000946691000
-0.000446188000
-0.002434600000
-0.000526032000
-0.001239570000
-0.001435830000
0.001125770000
-0.000568096000
0.000621052000
0.000578877000
-0.000388210000
0.000231593000
0.000678759000
0.001629420000
-0.000490925000
0.000271098000
0.000297378000
0.000934562000
-0.000144188000
-0.000269679000
0.000682473000
-0.000038344800
0.000852030000
-0.001207530000
0.001440190000
-0.000079863800
-0.000486191000
0.001366760000
-0.000513435000
0.000493400000
0.000446400000
0.000510695000
-0.000366809000
0.002271040000
-0.000272726000
-0.001483620000
0.000762012000
-0.000788797000
0.000126200000
0.000039719400
0.000388430000
-0.002173470000
-0.001280630000
0.000286379000
-0.000038029100
0.000866443000
-0.001026120000
-0.001901180000
-0.001312250000
-0.001380780000
-0.000945976000
-0.000379256000
0.001088510000
0.001792290000
-0.002098730000
0.001077830000
0.002565270000
-0.000667930000
-0.000152121000
0.000106767000
0.000751635000
-0.000454510000
0.000440662000
0.000398806000
0.000031671000
0.001389910000
0.000901274000
0.000480730000
0.000514722000
0.000149891000
-0.000100793000
0.002444980000
0.001236920000
-0.001595170000
0.000461760000
0.000398849000
-0.000188270000
0.000160948000
0.000170317000
-0.000863284000
0.001094420000
0.001768580000
0.000568095000
0.000871563000
-0.002450710000
0.000704898000
0.000745122000
-0.000158651000
0.000155655000
-0.001810190000
0.000747135000
0.000027859000
0.000335138000
-0.000010054300
-0.000548567000
-0.000126745000
0.000218490000
0.000201459000
-0.000485364000
0.002044080000
0.001014000000
-0.000395732000
0.000799934000
-0.000567520000
0.000314261000
-0.000105171000
-0.000376909000
0.000043609600
-0.000100089000
0.000532339000
-0.001367510000
0.001347310000
0.001963700000
-0.000271711000
-0.000977655000
-0.001608940000
-0.001207650000
-0.000370571000
-0.000983715000
0.000130940000
0.000462181000
-0.000131496000
0.000491605000
-0.000971227000
-0.000054413900
0.000397546000
0.000325744000
-0.000525932000
0.001554300000
0.001595170000
-0.001229700000
-0.001075810000
0.000610961000
0.000548922000
-0.000579378000
-0.000559599000
-0.000144091000
0.000281904000
-0.001062870000
0.000427840000
0.000040733000
-0.001764370000
-0.001059530000
-0.001177070000
-0.000789181000
0.001406140000
-0.000595830000
-0.000803440000
-0.000023530600
0.000282512000
0.001771650000
0.001071550000
0.001331320000
-0.000761663000
0.001336290000
0.001398660000
0.001656320000
0.000940436000
-0.001092740000
0.001345230000
-0.000838418000
-0.000169738000
-0.000099495500
-0.000485733000
-0.000612735000
0.000585347000
0.000495944000
-0.000732465000
0.000373805000
-0.000031751700
0.000445003000
-0.000478520000
-0.000162862000
-0.000349073000
-0.000719266000
-0.001939240000
-0.001596640000
0.000049184300
-0.000572575000
-0.000371544000
0.000257065000
0.000465641000
0.000066694400
-0.001043250000
-0.000224993000
0.000287755000
-0.001053130000
-0.000023929500
0.000450204000
-0.000979427000
0.001648630000
0.002372580000
-0.001512320000
0.000142365000
0.001849060000
0.001653250000
0.000094896800
-0.000504024000
-0.000549377000
-0.000363587000
-0.000263597000
0.000151297000
-0.000336175000
-0.000261777000
0.000877630000
-0.001065900000
0.000041423600
-0.000443679000
0.000252268000
0.000660892000
-0.000983344000
0.000369351000
0.000288966000
-0.001143500000
0.000967161000
-0.000379773000
-0.000088329700
0.000024834700
-0.000885841000
0.000811751000
-0.001113050000
-0.000907100000
-0.001170340000
-0.002079760000
-0.001874260000
0.000065200500
0.001582490000
0.001791770000
-0.001241180000
0.000380632000
0.000730158000
-0.000579945000
0.000290573000
-0.001074800000
-0.000226671000
-0.002340210000
-0.001170530000
0.000950674000
0.000361515000
0.000353170000
-0.001126550000
-0.001319240000
0.001146300000
0.000789372000
-0.000443513000
-0.000213547000
0.000805972000
-0.001214020000
-0.000202564000
0.000798450000
-0.000351853000
0.000807111000
-0.000066153800
0.000014151600
-0.002126210000
-0.001878010000
-0.000897528000
0.000655427000
0.000800879000
-0.000980177000
0.000056816500
0.000359451000
-0.000370929000
-0.000112346000
-0.000082045200
-0.000042367200
0.000718202000
-0.000551241000
0.000241718000
0.000598846000
-0.000422449000
-0.000476912000
0.000086414800
-0.000014992000
-0.000291591000
0.000661505000
0.000091154500
-0.000282248000
0.000060441300
-0.000462424000
-0.000096372900
0.000039056400
-0.000072289200
0.000566069000
-0.000054356500
-0.000734460000
0.001449390000
0.001854480000
0.000039624900
0.000296787000
-0.000092888000
0.000882328000
0.000180824000
-0.001480660000
-0.000065262700
-0.000101045000
-0.001305940000
-0.002319280000
-0.001539040000
-0.001262230000
-0.001428730000
0.000084563000
-0.000162090000
0.000592536000
-0.000209359000
-0.000628479000
0.001458300000
0.001765710000
-0.001157120000
-0.002171340000
0.000116590000
-0.000571664000
0.000217111000
0.000008415560
0.001014410000
-0.000362883000
-0.001258190000
-0.000048241700
0.000159971000
0.002924340000
-0.000033100900
-0.000839477000
-0.002124260000
-0.001046730000
0.002401370000
-0.000313789000
0.001316390000
-0.000414638000
-0.001189690000
-0.000833685000
0.000450628000
0.000731892000
-0.001134590000
0.002885100000
0.000287503000
0.000697679000
0.000081482900
-0.001633540000
0.000524154000
-0.000140712000
0.000219459000
0.000854767000
0.000411449000
-0.001351120000
-0.001746570000
-0.000241340000
-0.000798144000
0.000513628000
0.002164090000
0.000701152000
0.000185484000
-0.000947534000
0.000447443000
0.000060364300
-0.000424446000
0.000012788200
-0.000010563900
-0.000401547000
0.000247330000
-0.000756021000
0.001237810000
0.001643230000
-0.000351714000
0.001437930000
-0.003307030000
-0.002246920000
-0.000600853000
0.000586336000
0.000681532000
-0.000718645000
-0.000079126000
-0.001115910000
0.000638609000
0.000120662000
0.000259835000
-0.000444214000
-0.001081320000
0.001009380000
-0.000064952100
-0.000189378000
0.000203144000
-0.000538922000
-0.000401121000
-0.000390158000
0.000880108000
-0.000214331000
0.000095887800
-0.000439451000
-0.000296930000
0.001292920000
-0.000951265000
-0.000791874000
-0.000606810000
0.000663568000
-0.000218889000
0.000795256000
0.000180669000
-0.000336633000
0.001480160000
-0.001147870000
0.001323890000
0.001158190000
0.000545064000
0.000095004600
0.000234590000
0.001607050000
0.001197020000
0.000766154000
0.000633557000
-0.001274520000
0.000235286000
0.000583419000
-0.001669680000
0.001980660000
-0.000386204000
0.000501130000
-0.000015534300
0.001905690000
0.003174250000
0.000460197000
0.001227050000
-0.000996272000
0.001155170000
0.000116215000
0.000561105000
0.000280267000
-0.000989554000
0.000951207000
-0.000765548000
-0.000139662000
-0.000473134000
-0.000128685000
0.000907914000
0.000315322000
0.000077593700
-0.000210007000
0.000287288000
-0.000522143000
-0.000049659800
0.000964987000
0.001758360000
0.000559764000
0.000136629000
0.000068282000
-0.000311162000
0.001475660000
-0.001296770000
-0.000014109000
-0.000098082900
-0.002708270000
-0.000362464000
-0.000285973000
0.000297464000
-0.000150541000
0.002579510000
0.001227050000
-0.000107456000
0.000618061000
-0.002130490000
0.000503819000
0.001213310000
-0.000420955000
-0.000313538000
0.000621317000
-0.000694180000
-0.000123544000
-0.000461469000
0.000133319000
0.000309241000
-0.000844018000
0.001261870000
-0.001113340000
-0.001850200000
-0.001304100000
0.000007199830
0.001288650000
-0.000700235000
-0.000709427000
0.002119060000
0.001714870000
0.000050419200
0.000448031000
-0.000572474000
0.001365910000
0.000844497000
-0.000545858000
0.000529388000
0.000729488000
0.001347580000
-0.000912589000
-0.001349100000
0.000336602000
0.000537221000
0.000682559000
-0.000544424000
-0.000250249000
-0.000025726100
-0.000852064000
-0.000038630000
0.001145770000
0.001109080000
-0.000686385000
-0.000392799000
0.000762989000
-0.000199688000
-0.000485759000
0.000492467000
0.000053682500
0.000418374000
-0.000822857000
-0.000048452600
0.000313440000
0.000014013200
-0.000111672000
-0.001062660000
0.001327290000
-0.000695327000
-0.000105359000
0.001150310000
0.001472220000
0.000222872000
0.001035640000
0.001878190000
0.000211417000
0.000381562000
-0.001179400000
0.001296830000
0.000095903800
-0.001431760000
-0.000850372000
-0.000311425000
0.000801587000
-0.000068221400
0.000389355000
0.002025660000
0.001359750000
0.000018303300
0.000065802200
-0.000882302000
-0.000254679000
-0.000108056000
0.000287835000
0.000230250000
-0.000395126000
0.000267094000
0.000214345000
-0.000193321000
-0.000179689000
-0.000580735000
-0.000691166000
0.002056290000
-0.000658298000
-0.000860272000
0.001053230000
-0.000469617000
0.000084315500
-0.000031709200
0.000306950000
-0.000377538000
-0.000979853000
-0.002188530000
-0.000772494000
-0.000128006000
0.000432619000
0.001496560000
0.001396830000
-0.000350621000
-0.002940950000
-0.000350949000
0.002490510000
0.001173820000
-0.002002210000
0.001825530000
0.000542820000
-0.000991934000
0.001735650000
-0.000065770600
0.001316940000
-0.000130950000
-0.000292812000
0.000002370510
0.000212356000
-0.001874390000
-0.000889549000
0.000247294000
-0.002757340000
0.001439910000
0.000116207000
0.001405290000
-0.000018296600
-0.000515803000
0.000030848900
-0.001566940000
0.001687950000
-0.002648530000
-0.001636260000
-0.001412620000
-0.002472060000
0.001456860000
0.001032450000
-0.001699440000
-0.000147955000
-0.000643944000
-0.001494510000
0.001058330000
0.000244192000
0.000987134000
0.000456901000
-0.000783366000
-0.000442958000
0.000216042000
0.000108443000
-0.000616714000
0.000032265200
0.000308988000
-0.001357370000
-0.002131190000
-0.000471079000
-0.000355007000
0.000173755000
0.000596265000
-0.000178566000
0.000609411000
-0.000671640000
0.000169694000
0.000145183000
-0.000790632000
0.001285370000
-0.000676279000
-0.000298387000
-0.001322590000
-0.002156940000
0.000644091000
-0.000315474000
-0.000328765000
0.000231361000
0.000058117500
0.000567572000
-0.000208599000
-0.000340791000
-0.000474168000
0.000192249000
0.000368617000
0.000093090800
0.000233095000
-0.000208463000
-0.000186047000
-0.000306663000
0.000956252000
-0.000678917000
0.001104290000
-0.000650226000
-0.000924684000
0.001000520000
-0.000676752000
0.000884744000
0.000333077000
-0.000051732300
-0.000867259000
0.000552828000
0.000153492000
-0.000556870000
-0.000023124400
0.000793665000
-0.000499976000
0.000441682000
0.000660277000
-0.001013170000
0.000017504500
0.002685310000
0.001432180000
-0.000522162000
0.000974832000
-0.000835412000
0.000558813000
0.000479745000
0.000538348000
-0.000961051000
0.000301153000
-0.001240910000
-0.001650230000
0.000390510000
0.000141208000
0.000322880000
-0.000305112000
0.000139265000
-0.000771878000
0.000934389000
-0.001510080000
0.000773128000
0.000929967000
-0.000461738000
0.000749057000
-0.000493784000
-0.000036986800
0.000252986000
0.000109765000
-0.000118657000
-0.001285880000
0.001483150000
0.002170820000
-0.000539204000
0.000867715000
-0.000240096000
0.000303986000
-0.000448537000
0.000922867000
0.001764170000
0.000034125900
0.000447449000
0.001263890000
0.001655560000
0.000776884000
-0.002686470000
0.001093430000
0.001556520000
-0.001591500000
0.000631197000
-0.001245470000
-0.000394645000
-0.001249050000
0.000512272000
-0.000923552000
0.000278527000
0.000417083000
-0.001879400000
0.000227171000
0.001370370000
0.000460189000
-0.000622346000
0.001146450000
-0.000982612000
0.000479394000
0.000318898000
0.001503810000
0.000436480000
-0.000065515100
0.003057650000
0.001680880000
0.001978120000
0.000248579000
-0.001071760000
0.001435810000
0.000534879000
-0.001529190000
0.000060007900
0.000153879000
-0.001746470000
-0.001838520000
0.000656629000
-0.000314361000
-0.000615739000
0.000777725000
0.000368992000
-0.000285248000
-0.000835146000
0.000469999000
-0.000725538000
0.000306587000
0.001210480000
-0.003524100000
-0.001461190000
-0.000285124000
-0.000871375000
0.001477250000
-0.000721618000
0.000006488950
0.000669054000
-0.000314151000
0.000465873000
-0.000745650000
0.000351061000
0.000887613000
-0.000469089000
-0.000237270000
-0.000251460000
0.000379196000
0.000003857920
-0.000249406000
-0.001897780000
-0.001513510000
0.000005986890
0.001758320000
0.001951750000
-0.000082917500
0.000106045000
-0.000562232000
0.000241056000
0.000713421000
0.001096380000
-0.000437546000
-0.001561890000
0.001001680000
-0.000550951000
-0.000526009000
0.001126110000
-0.000157010000
0.000464120000
-0.000643499000
0.000114806000
-0.000061741900
-0.000218112000
0.000244621000
-0.000854451000
0.002061920000
0.002108740000
0.000844607000
0.001738650000
0.001085700000
-0.000697524000
0.000090131200
-0.000067621000
0.000488295000
0.000398977000
0.000023147000
0.002045240000
0.000506618000
0.000607050000
0.002992580000
0.000707136000
-0.000973953000
0.000486121000
-0.000071401400
0.000574021000
0.000345608000
0.001178050000
-0.001118940000
-0.000967077000
0.000992095000
-0.000861370000
0.000643056000
-0.000301817000
0.000842453000
0.002615030000
0.001499960000
-0.001037440000
0.000165850000
-0.000496561000
-0.001129190000
0.000902393000
0.000495586000
0.001828990000
0.001294710000
-0.000030443400
-0.000258393000
0.000692765000
0.000230680000
-0.002226880000
-0.000242100000
0.001226790000
0.000528176000
0.000078624900
-0.001006420000
0.000881213000
-0.000098208000
-0.000587983000
0.000391523000
0.001695920000
-0.001210460000
-0.000982544000
-0.000572372000
-0.002304010000
0.000137423000
-0.001446300000
0.000445436000
0.000264254000
0.000107018000
-0.000305659000
-0.000198685000
0.000127652000
-0.000364258000
0.000118879000
0.000190310000
0.000131814000
-0.000258171000
-0.000409709000
-0.000105156000
0.001014220000
-0.000622920000
-0.000295904000
-0.000559739000
0.000482637000
-0.001922970000
0.000476664000
0.002699890000
-0.000769326000
0.000444200000
-0.000080512900
0.000198580000
-0.000517430000
0.000203159000
-0.000207604000
0.000057311700
0.000235695000
0.000195547000
-0.000097287100
-0.000088638500
0.000621584000
-0.000843295000
0.000719848000
-0.001419200000
0.000144037000
0.001192210000
-0.002028380000
-0.001966880000
-0.000475795000
0.001040110000
-0.000077342700
-0.000271191000
0.001005000000
-0.000435798000
-0.000401515000
-0.001025570000
-0.002641540000
-0.000029917500
-0.002259710000
-0.001052640000
0.000155698000
0.000006339380
0.000801710000
-0.000813096000
0.000391474000
0.000774719000
-0.001316390000
0.000728237000
0.003181320000
-0.000273266000
0.001266870000
-0.002065860000
-0.001479040000
0.002362620000
0.000379135000
0.000325750000
0.001726060000
0.001655990000
0.000074699700
0.000296215000
-0.000808917000
0.000840224000
0.000058495600
-0.001114560000
-0.002031110000
-0.001232690000
-0.000061129900
0.000313601000
-0.001011160000
-0.001822300000
0.001627810000
0.000777709000
0.000300078000
-0.000219352000
-0.000556497000
0.000101950000
-0.000002550320
-0.000272891000
0.000392254000
-0.000227353000
-0.000736287000
0.000486190000
-0.001025560000
-0.000119118000
0.001453090000
-0.000540090000
-0.001520990000
0.001483250000
0.000128897000
-0.000506971000
0.001351120000
-0.001640510000
0.001220210000
0.001455180000
0.000265798000
0.000539987000
-0.001103570000
0.000272240000
0.000263308000
-0.001033450000
-0.001179000000
0.000243268000
0.001112070000
0.001445320000
-0.000888299000
-0.001289860000
-0.000361767000
0.000195412000
0.000076654000
-0.000529104000
0.000881669000
-0.001338170000
0.000175868000
0.000051026200
0.001095770000
0.002631980000
0.000392478000
0.001833030000
-0.001358370000
-0.000158405000
0.000947298000
-0.000142237000
-0.000446815000
-0.000756047000
0.000844821000
-0.000267329000
-0.000267587000
-0.000186554000
-0.000510429000
0.000165650000
0.000018787900
-0.000922039000
-0.002251880000
-0.000988158000
0.000431401000
0.000119665000
0.002393680000
0.000095737600
-0.000546459000
0.000614808000
-0.000443365000
-0.001181660000
0.000270113000
0.002787420000
0.001065690000
-0.000682945000
-0.000762316000
0.001528260000
0.001630210000
-0.000786925000
-0.001571250000
-0.000417037000
0.000522449000
0.001017500000
0.001855270000
0.000247211000
-0.000682302000
0.000077824500
-0.002141240000
-0.000870128000
-0.001400960000
-0.002502950000
0.001365870000
-0.000854148000
-0.001153440000
0.001131710000
0.000029022200
-0.000118665000
-0.000340366000
0.000562748000
-0.001319910000
-0.002279970000
0.000087338700
-0.000015736400
0.002082600000
0.001259260000
-0.000097950500
-0.000323929000
-0.000104083000
-0.000834896000
-0.002033540000
0.000117813000
0.000343091000
-0.000902243000
0.000888160000
0.002500300000
-0.000008404510
-0.000157454000
0.000001056560
-0.000084742600
0.000199411000
0.000098390400
-0.000551729000
0.000607722000
-0.000415197000
0.000012698600
0.000382261000
-0.000530113000
0.000831821000
-0.000773098000
0.000239938000
-0.000039848700
-0.000218811000
0.000279819000
0.000052251800
-0.000179686000
0.000072381200
-0.000070350500
-0.000053158000
0.000251144000
-0.000707617000
-0.000348755000
0.000611538000
-0.000493642000
0.000206168000
-0.000331342000
0.000014982500
0.000642622000
-0.002599390000
-0.000969095000
-0.000148447000
-0.000163181000
0.000083555400
0.001188950000
0.000170278000
-0.000073963300
-0.000411487000
-0.000186590000
0.000232378000
-0.000314095000
-0.000061840100
-0.002868830000
-0.000288303000
-0.000305438000
0.000192167000
0.000998740000
-0.001117250000
-0.000080759100
0.001118670000
-0.000624126000
-0.000512411000
0.000920318000
-0.000019199300
0.000240259000
-0.000209033000
0.001165910000
-0.000593328000
-0.000859457000
0.000049400400
-0.000616394000
0.000359965000
0.000320867000
0.000306724000
0.000025273100
0.000087097100
-0.000148036000
0.000053150300
0.000590871000
0.000523717000
-0.000769564000
0.000220910000
-0.000274743000
-0.000522064000
0.000273830000
0.000525021000
0.001228450000
0.000793432000
0.000672323000
0.001228780000
-0.000220607000
-0.000990223000
0.001535850000
0.000430058000
-0.000008879580
0.000156463000
0.001585600000
-0.000417544000
-0.001979010000
0.000777738000
-0.000618781000
0.000716580000
0.000332444000
0.000029697300
-0.000096091300
-0.000868157000
-0.000886164000
-0.002366480000
0.000758020000
0.000439786000
-0.001001120000
0.000500678000
0.000073133800
0.000094027400
-0.000233258000
0.000274514000
0.000472008000
-0.001050110000
-0.000186145000
0.000016616000
0.000178041000
0.000257781000
0.000280697000
-0.000273018000
-0.000258794000
0.002156830000
0.000826351000
0.000160894000
0.000580989000
-0.000157563000
-0.000429921000
-0.000240712000
-0.000326638000
0.000703338000
-0.000304846000
0.000545611000
0.000638637000
-0.001265240000
0.000153049000
0.000131085000
0.000490731000
-0.000939346000
0.000712372000
0.000057374800
-0.001619530000
-0.000307548000
-0.000873399000
0.000819336000
0.001499000000
0.000126111000
-0.000947741000
0.000661793000
0.001126430000
-0.000119650000
0.001272610000
-0.000699373000
-0.002919090000
0.000250461000
-0.000220153000
0.000756000000
0.000853052000
-0.001829900000
-0.000208654000
0.000329405000
-0.000452339000
0.000123621000
0.000542230000
-0.000605701000
-0.000122961000
0.000381469000
0.000110540000
-0.001192770000
0.000530105000
0.000487546000
-0.001165070000
0.000406314000
-0.000142845000
-0.000307627000
0.000195701000
0.000172049000
-0.000217597000
0.000673403000
-0.000266167000
-0.000269443000
0.000268360000
-0.000918558000
-0.000091643800
0.000801958000
-0.000349979000
0.000350289000
0.000604183000
-0.000589145000
-0.000437232000
-0.000067174000
0.000346522000
-0.002135380000
0.000730114000
0.001379400000
-0.001281130000
0.000392355000
-0.000442280000
0.000186453000
0.000068022400
-0.001478080000
0.000361862000
0.000661244000
0.000331141000
0.000163208000
0.000335170000
0.001108070000
0.000427281000
0.000261872000
0.000486969000
-0.000010345400
-0.000124377000
0.000696612000
-0.002721020000
-0.001745330000
0.000093616400
0.000568803000
0.000980660000
-0.001993000000
0.000337928000
-0.001348070000
-0.001882600000
0.000296861000
-0.000238174000
0.000919766000
0.000033933500
-0.000079150600
-0.000565835000
-0.000762389000
0.000238428000
0.000671472000
0.000178735000
-0.000532163000
-0.000008266630
-0.000466060000
-0.001144700000
0.000369019000
0.000067100500
-0.001119310000
0.001534560000
-0.000881166000
-0.002015350000
0.000031815800
-0.000522733000
0.000254707000
0.000071171500
-0.000774568000
0.000441176000
0.000017700900
-0.000300919000
0.001277020000
-0.000460843000
0.000964702000
0.000060820600
-0.000593539000
-0.000471815000
-0.000796190000
0.001165050000
-0.001626120000
-0.001285920000
0.000084992700
-0.001026600000
-0.000348541000
0.003163630000
0.002437980000
-0.000243200000
-0.000328642000
-0.000029184200
0.001112840000
-0.000623242000
0.000938058000
0.002574110000
0.000592079000
-0.000180901000
0.001915460000
0.001622980000
-0.000572794000
0.000833451000
-0.000416805000
0.000607199000
-0.000038089700
-0.000643208000
0.000404202000
0.000101316000
-0.000151619000
-0.001013050000
0.000853175000
0.000108633000
0.000410381000
-0.000014287600
0.000028492100
0.000229379000
-0.000459043000
0.000787674000
0.001727220000
0.001177000000
0.000294673000
-0.000182929000
-0.001499550000
0.000627355000
0.000944622000
-0.000097530900
-0.000153963000
-0.000058483900
-0.000273483000
-0.000694874000
0.001681200000
-0.000255650000
-0.000457185000
0.000479441000
0.000349348000
-0.000206402000
-0.002530580000
-0.001076130000
0.000115196000
0.000144178000
-0.000049340900
0.001523540000
0.001548340000
0.001055300000
-0.002227640000
-0.000115467000
0.001554970000
-0.000042998700
0.000301225000
0.000082250600
0.001488050000
-0.000932544000
-0.000853740000
-0.000037715700
0.000105427000
0.000528406000
0.000985026000
-0.000747337000
0.000328343000
0.000987641000
-0.000035994600
-0.000348308000
0.001642810000
0.002054210000
0.000510934000
-0.000188454000
-0.001047110000
0.001462260000
0.000189177000
-0.000606514000
-0.000449804000
0.000949155000
-0.000088822700
-0.000008157620
0.000136645000
-0.000717516000
0.000509990000
-0.000298775000
0.000876146000
-0.000384075000
0.000209023000
-0.000047696300
-0.000208468000
0.000034910500
-0.000286007000
0.000939150000
-0.001027640000
0.002044910000
0.002424080000
0.000236706000
-0.000997001000
-0.000769886000
0.000906259000
-0.000273568000
-0.000132487000
0.000376906000
-0.000147949000
-0.000388792000
0.001081370000
-0.000909951000
-0.000009570690
0.000212257000
0.000099666300
0.000268037000
-0.000989586000
0.001421820000
-0.001234130000
-0.000138186000
0.000530439000
0.000281275000
0.000113116000
-0.001761770000
0.000423176000
-0.000216172000
0.000576074000
0.000279456000
-0.000157799000
0.000105627000
-0.000090698200
0.000343792000
0.000542300000
-0.000800402000
-0.000227500000
0.000015791900
-0.000310833000
0.002038610000
-0.000747424000
-0.000772849000
0.000112426000
-0.000616785000
-0.000076003900
-0.001446940000
-0.002439460000
-0.002139030000
-0.001249300000
0.002694120000
0.000927656000
-0.002734480000
-0.000205253000
-0.000451782000
-0.000446771000
0.000856499000
0.000636562000
-0.000181895000
-0.001174850000
0.000143659000
0.000574136000
-0.000738381000
-0.001936980000
-0.001822920000
0.000335855000
0.001092860000
0.001102810000
0.002239240000
0.001144730000
-0.002641070000
-0.000747805000
0.000648819000
-0.000513812000
-0.000369191000
0.000643629000
0.000695690000
0.001322410000
0.000430136000
0.000114689000
-0.000024601700
0.000149158000
0.000812370000
-0.001814680000
0.000636455000
0.000583937000
0.000334717000
-0.000837461000
0.000761684000
0.000005812640
-0.002210710000
0.001064730000
-0.001278980000
-0.001892720000
-0.000274988000
0.000249461000
-0.000308756000
-0.000397190000
0.000119124000
0.000348435000
-0.000311817000
-0.000397870000
0.000577112000
-0.000243420000
0.000102214000
-0.000301068000
-0.000200176000
0.002338960000
0.000935855000
-0.000575437000
0.001131050000
0.001601580000
0.000600965000
0.000185671000
0.000388794000
0.000077326500
0.000125566000
0.000545103000
